      0/14     11.7G    0.0698   0.04529   0.06497    0.1801         3      1024   0.05392    0.1686   0.08777   0.03329   0.05492   0.03707   0.05035
      1/14     11.6G    0.0555   0.03026   0.04383    0.1296         8      1024   0.06794    0.2233    0.1395   0.06283   0.04451   0.03435   0.03949
      2/14     11.6G   0.05178   0.02991   0.03599    0.1177        31      1024   0.07351    0.2396    0.1667   0.07836   0.04756   0.03297   0.03397
      3/14     11.6G   0.04417   0.02804    0.0308     0.103         2      1024    0.1697    0.3393    0.2689    0.1481   0.03376    0.0328   0.02872
      4/14     11.6G   0.03824   0.02733   0.02647   0.09204        12      1024    0.2355     0.399    0.3073    0.1685   0.03384   0.03241   0.02498
      5/14     11.6G   0.03469     0.027   0.02325   0.08494         4      1024    0.2288    0.4587    0.3467    0.2018   0.03075   0.03193   0.02294
      6/14     11.6G   0.03245   0.02583   0.02166   0.07994         6      1024    0.1975    0.4857    0.3489    0.1916   0.03195   0.03256   0.02219
      7/14     11.6G   0.03118   0.02553   0.01954   0.07624         4      1024    0.2227    0.4816    0.3786    0.2225    0.0288   0.03207   0.01965
      8/14     11.6G   0.02999   0.02489   0.01837   0.07325         4      1024    0.2559    0.4896    0.3925    0.2356   0.02827    0.0321   0.01964
      9/14     11.6G   0.02842   0.02413   0.01695   0.06951         6      1024    0.2435    0.5145    0.4094     0.248   0.02872   0.03174     0.019
     10/14     11.6G   0.02719   0.02375   0.01614   0.06707        21      1024    0.2641    0.5324    0.4221    0.2634   0.02723   0.03162   0.01842
     11/14     11.6G   0.02606   0.02278   0.01472   0.06356         7      1024    0.2655    0.5719    0.4368    0.2706   0.02663   0.03201   0.01819
     12/14     11.6G   0.02494   0.02276   0.01395   0.06164        12      1024    0.2799    0.5669    0.4445    0.2789   0.02674   0.03204   0.01682
     13/14     11.6G   0.02452   0.02275   0.01333    0.0606         2      1024    0.2727     0.563    0.4521    0.2851   0.02616   0.03182   0.01725
     14/14     11.6G    0.0238   0.02219   0.01241    0.0584         7      1024    0.2806    0.5642    0.4458    0.2797   0.02653   0.03223   0.01723
