3 0.8 0.744 0.212 0.512
3 0.8 0.424 0.098 0.139
3 0.8 0.33 0.084 0.058
13 0.664 0.596 0.059 0.159
13 0.669 0.483 0.043 0.056
13 0.124 0.484 0.048 0.09
13 0.176 0.474 0.056 0.099
13 0.472 0.31 0.025 0.048
13 0.716 0.282 0.018 0.036
13 0.719 0.249 0.015 0.021
13 0.347 0.335 0.035 0.045
13 0.533 0.281 0.023 0.039
9 0.727 0.318 0.016 0.034
4 0.211 0.336 0.059 0.041
4 0.428 0.288 0.03 0.035
4 0.419 0.263 0.029 0.022
17 0.23 0.478 0.037 0.089
17 0.356 0.413 0.049 0.058
17 0.226 0.396 0.053 0.068
10 0.788 0.233 0.022 0.026
17 0.599 0.247 0.016 0.024
8 0.49 0.286 0.021 0.039
4 0.45 0.281 0.016 0.031
8 0.51 0.24 0.034 0.013
15 0.529 0.256 0.032 0.018
15 0.749 0.212 0.033 0.022
8 0.722 0.198 0.027 0.019
13 0.708 0.251 0.01 0.025
19 0.7 0.23 0.021 0.025
10 0.359 0.299 0.035 0.033
