4 0.206 0.951 0.092 0.099
8 0.319 0.944 0.072 0.113
4 0.419 0.977 0.067 0.046
4 0.557 0.894 0.072 0.106
19 0.23 0.844 0.065 0.125
9 0.495 0.934 0.024 0.075
9 0.163 0.919 0.027 0.065
10 0.314 0.847 0.06 0.132
4 0.606 0.846 0.064 0.091
4 0.156 0.787 0.104 0.07
4 0.398 0.919 0.077 0.113
9 0.445 0.898 0.027 0.055
4 0.472 0.837 0.057 0.091
4 0.58 0.793 0.047 0.072
6 0.504 0.78 0.052 0.099
19 0.336 0.773 0.047 0.108
17 0.265 0.781 0.033 0.087
17 0.41 0.838 0.04 0.089
8 0.393 0.799 0.052 0.103
4 0.452 0.787 0.052 0.06
3 0.318 0.703 0.052 0.132
4 0.477 0.736 0.031 0.053
3 0.483 0.644 0.067 0.096
3 0.346 0.624 0.049 0.07
3 0.44 0.619 0.025 0.07
3 0.413 0.589 0.025 0.058
4 0.418 0.694 0.035 0.036
