2 0.757 0.485 0.084 0.104
13 0.375 0.46 0.084 0.081
13 0.249 0.465 0.092 0.092
3 0.678 0.416 0.153 0.043
13 0.482 0.425 0.035 0.029
2 0.028 0.458 0.033 0.041
13 0.155 0.422 0.03 0.018
4 0.125 0.427 0.031 0.015
4 0.458 0.427 0.013 0.017
13 0.433 0.423 0.021 0.025
3 0.213 0.408 0.049 0.021
3 0.156 0.403 0.026 0.011
13 0.123 0.415 0.017 0.008
13 0.091 0.454 0.041 0.028
9 0.196 0.426 0.013 0.02
2 0.177 0.45 0.057 0.033
13 0.745 0.445 0.079 0.059
17 0.889 0.432 0.046 0.02
13 0.8 0.425 0.034 0.016
13 0.586 0.42 0.023 0.016
13 0.522 0.422 0.023 0.013
