17 0.69 0.309 0.118 0.271
17 0.801 0.122 0.1 0.205
17 0.92 0.859 0.16 0.283
13 0.706 0.879 0.166 0.241
13 0.656 0.779 0.147 0.337
19 0.661 0.635 0.159 0.135
13 0.316 0.356 0.12 0.177
13 0.316 0.435 0.119 0.19
13 0.32 0.567 0.129 0.256
13 0.29 0.688 0.175 0.277
13 0.298 0.773 0.149 0.256
13 0.278 0.881 0.169 0.157
13 0.094 0.736 0.146 0.262
13 0.175 0.561 0.103 0.243
13 0.112 0.68 0.141 0.313
13 0.264 0.212 0.074 0.175
13 0.33 0.32 0.095 0.193
13 0.203 0.287 0.101 0.231
13 0.262 0.199 0.077 0.18
17 0.486 0.117 0.087 0.183
13 0.512 0.156 0.063 0.142
13 0.59 0.418 0.095 0.225
13 0.807 0.501 0.12 0.231
13 0.825 0.63 0.138 0.249
9 0.908 0.561 0.045 0.268
13 0.461 0.366 0.103 0.157
13 0.42 0.286 0.087 0.201
13 0.295 0.075 0.071 0.141
8 0.645 0.168 0.17 0.24
13 0.481 0.853 0.171 0.256
13 0.471 0.677 0.152 0.193
13 0.48 0.584 0.138 0.168
13 0.773 0.364 0.113 0.195
