7 0.626 0.668 0.195 0.388
3 0.715 0.478 0.159 0.25
10 0.925 0.872 0.149 0.247
13 0.908 0.715 0.078 0.079
4 0.175 0.905 0.133 0.181
4 0.074 0.92 0.074 0.116
4 0.209 0.75 0.143 0.221
4 0.243 0.689 0.11 0.185
4 0.308 0.597 0.083 0.149
4 0.294 0.627 0.11 0.103
4 0.332 0.478 0.096 0.095
4 0.436 0.67 0.088 0.222
4 0.423 0.7 0.104 0.18
4 0.394 0.85 0.118 0.3
4 0.362 0.905 0.175 0.19
15 0.717 0.931 0.194 0.137
3 0.374 0.355 0.059 0.25
3 0.342 0.344 0.077 0.139
4 0.511 0.444 0.079 0.123
4 0.585 0.407 0.078 0.108
4 0.56 0.347 0.066 0.073
4 0.457 0.31 0.016 0.079
4 0.416 0.33 0.027 0.099
15 0.494 0.334 0.059 0.09
4 0.454 0.239 0.033 0.064
3 0.534 0.246 0.071 0.126
18 0.618 0.274 0.085 0.157
18 0.731 0.321 0.091 0.16
8 0.824 0.331 0.051 0.088
3 0.578 0.166 0.051 0.064
4 0.46 0.19 0.032 0.037
3 0.535 0.114 0.027 0.041
7 0.616 0.147 0.04 0.049
4 0.544 0.175 0.011 0.025
8 0.47 0.175 0.026 0.052
3 0.56 0.072 0.019 0.039
4 0.501 0.148 0.029 0.037
8 0.54 0.159 0.021 0.043
7 0.577 0.117 0.041 0.031
8 0.506 0.102 0.018 0.022
8 0.487 0.121 0.021 0.02
4 0.504 0.074 0.015 0.019
4 0.521 0.077 0.013 0.017
3 0.532 0.054 0.015 0.015
8 0.541 0.076 0.014 0.019
13 0.656 0.228 0.024 0.05
4 0.65 0.347 0.066 0.014
4 0.622 0.376 0.018 0.057
