13 0.844 0.931 0.227 0.139
13 0.492 0.932 0.224 0.136
13 0.7 0.776 0.423 0.181
13 0.242 0.861 0.344 0.236
13 0.367 0.788 0.332 0.123
13 0.439 0.686 0.12 0.098
13 0.685 0.593 0.2 0.205
13 0.498 0.601 0.26 0.201
13 0.795 0.536 0.063 0.124
13 0.672 0.487 0.118 0.065
13 0.698 0.465 0.101 0.093
13 0.732 0.434 0.115 0.106
13 0.466 0.476 0.088 0.056
13 0.225 0.525 0.135 0.136
13 0.112 0.567 0.22 0.162
13 0.263 0.456 0.098 0.099
13 0.055 0.494 0.109 0.096
13 0.183 0.438 0.097 0.098
13 0.305 0.45 0.121 0.12
13 0.413 0.502 0.1 0.169
13 0.611 0.429 0.094 0.116
13 0.456 0.419 0.087 0.066
13 0.53 0.406 0.076 0.088
13 0.752 0.392 0.08 0.092
13 0.478 0.348 0.094 0.076
13 0.627 0.357 0.097 0.097
13 0.47 0.307 0.064 0.029
13 0.461 0.321 0.076 0.092
13 0.581 0.294 0.075 0.064
13 0.673 0.322 0.087 0.092
13 0.747 0.326 0.068 0.056
13 0.798 0.348 0.07 0.064
13 0.843 0.321 0.078 0.089
13 0.862 0.297 0.078 0.088
13 0.902 0.223 0.061 0.064
13 0.578 0.255 0.056 0.024
13 0.625 0.252 0.061 0.055
13 0.652 0.245 0.056 0.064
13 0.755 0.219 0.051 0.069
13 0.877 0.186 0.05 0.051
13 0.934 0.199 0.042 0.054
13 0.857 0.177 0.026 0.05
13 0.908 0.163 0.033 0.039
13 0.937 0.156 0.031 0.013
13 0.957 0.189 0.044 0.052
13 0.866 0.143 0.042 0.034
13 0.977 0.162 0.041 0.046
13 0.985 0.155 0.031 0.043
13 0.96 0.111 0.029 0.033
13 0.982 0.105 0.023 0.027
13 0.968 0.091 0.017 0.011
13 0.944 0.097 0.022 0.011
13 0.984 0.087 0.017 0.011
10 0.76 0.187 0.089 0.052
12 0.921 0.121 0.053 0.041
13 0.84 0.573 0.155 0.196
15 0.934 0.501 0.131 0.161
4 0.938 0.4 0.125 0.1
4 0.96 0.334 0.081 0.039
4 0.97 0.293 0.06 0.049
4 0.977 0.253 0.045 0.029
4 0.993 0.209 0.014 0.028
4 0.991 0.232 0.018 0.016
9 0.571 0.24 0.038 0.022
