17 0.937 0.899 0.121 0.201
4 0.712 0.633 0.131 0.119
13 0.427 0.954 0.085 0.092
13 0.325 0.919 0.098 0.163
13 0.201 0.926 0.099 0.148
13 0.11 0.871 0.111 0.197
13 0.061 0.781 0.119 0.172
13 0.228 0.828 0.183 0.202
13 0.164 0.735 0.061 0.128
13 0.058 0.633 0.068 0.135
13 0.106 0.582 0.048 0.113
13 0.566 0.601 0.059 0.123
13 0.437 0.359 0.024 0.048
6 0.374 0.678 0.119 0.205
6 0.405 0.621 0.079 0.131
6 0.425 0.609 0.085 0.149
6 0.615 0.502 0.074 0.124
6 0.855 0.463 0.103 0.09
10 0.926 0.629 0.148 0.258
3 0.689 0.397 0.109 0.106
13 0.024 0.573 0.046 0.111
13 0.08 0.533 0.035 0.068
13 0.191 0.703 0.074 0.183
13 0.263 0.618 0.044 0.164
13 0.171 0.612 0.053 0.117
13 0.154 0.604 0.051 0.152
13 0.192 0.541 0.041 0.098
13 0.235 0.57 0.035 0.111
13 0.246 0.514 0.039 0.053
13 0.06 0.519 0.037 0.088
13 0.153 0.498 0.048 0.085
13 0.119 0.476 0.035 0.067
13 0.117 0.422 0.024 0.039
13 0.168 0.442 0.034 0.078
13 0.149 0.422 0.03 0.071
13 0.21 0.463 0.039 0.081
13 0.221 0.438 0.029 0.077
13 0.26 0.492 0.031 0.053
13 0.263 0.461 0.029 0.025
13 0.28 0.459 0.036 0.072
13 0.281 0.415 0.024 0.035
13 0.193 0.403 0.023 0.055
13 0.195 0.37 0.022 0.017
13 0.302 0.391 0.027 0.059
13 0.29 0.367 0.023 0.055
13 0.28 0.351 0.021 0.05
13 0.32 0.287 0.013 0.035
13 0.278 0.302 0.015 0.031
10 0.255 0.319 0.031 0.047
12 0.31 0.27 0.023 0.031
15 0.347 0.55 0.071 0.065
4 0.35 0.519 0.073 0.042
4 0.343 0.485 0.064 0.082
4 0.402 0.422 0.047 0.068
4 0.347 0.438 0.059 0.039
4 0.346 0.404 0.044 0.042
4 0.349 0.378 0.039 0.035
4 0.355 0.361 0.034 0.039
4 0.353 0.341 0.031 0.023
4 0.353 0.328 0.029 0.022
10 0.387 0.331 0.027 0.05
4 0.404 0.313 0.013 0.026
4 0.36 0.317 0.024 0.018
4 0.359 0.306 0.021 0.012
4 0.361 0.296 0.015 0.007
4 0.366 0.296 0.019 0.021
4 0.391 0.294 0.023 0.023
4 0.365 0.284 0.018 0.009
4 0.368 0.28 0.017 0.012
4 0.367 0.272 0.016 0.013
4 0.369 0.267 0.016 0.009
4 0.369 0.26 0.018 0.014
13 0.345 0.269 0.01 0.026
13 0.33 0.266 0.011 0.023
13 0.414 0.248 0.009 0.023
13 0.396 0.266 0.011 0.023
13 0.386 0.261 0.009 0.021
13 0.356 0.246 0.007 0.013
13 0.407 0.245 0.007 0.019
6 0.403 0.225 0.011 0.021
13 0.351 0.24 0.006 0.014
8 0.422 0.22 0.007 0.015
3 0.432 0.233 0.016 0.027
17 0.44 0.242 0.009 0.011
4 0.439 0.26 0.014 0.018
8 0.343 0.229 0.011 0.015
13 0.946 0.469 0.057 0.065
13 0.981 0.462 0.035 0.065
13 0.921 0.437 0.023 0.033
13 0.892 0.437 0.036 0.037
4 0.925 0.424 0.054 0.034
9 0.797 0.44 0.019 0.03
17 0.802 0.448 0.009 0.066
4 0.765 0.436 0.044 0.062
4 0.849 0.406 0.051 0.037
4 0.81 0.386 0.036 0.038
3 0.762 0.383 0.053 0.084
3 0.735 0.346 0.094 0.057
4 0.631 0.393 0.018 0.033
4 0.593 0.374 0.039 0.044
4 0.578 0.344 0.027 0.023
4 0.624 0.299 0.021 0.024
12 0.606 0.335 0.032 0.07
3 0.545 0.297 0.052 0.061
13 0.584 0.302 0.013 0.034
4 0.644 0.325 0.031 0.034
3 0.511 0.275 0.024 0.038
4 0.531 0.252 0.014 0.019
13 0.428 0.296 0.013 0.034
13 0.295 0.281 0.023 0.023
4 0.811 0.563 0.081 0.103
4 0.751 0.482 0.079 0.072
9 0.691 0.475 0.021 0.034
