17 0.088 0.401 0.036 0.061
13 0.078 0.347 0.031 0.038
13 0.045 0.323 0.034 0.051
13 0.106 0.206 0.03 0.047
13 0.118 0.187 0.03 0.047
4 0.08 0.986 0.06 0.028
9 0.042 0.701 0.05 0.046
15 0.11 0.125 0.05 0.054
3 0.016 0.017 0.029 0.031
3 0.056 0.017 0.045 0.031
3 0.121 0.038 0.089 0.074
3 0.174 0.118 0.093 0.097
3 0.19 0.092 0.079 0.092
3 0.271 0.128 0.098 0.136
3 0.388 0.198 0.131 0.12
9 0.373 0.251 0.025 0.035
10 0.334 0.228 0.06 0.057
10 0.255 0.21 0.074 0.066
10 0.195 0.187 0.055 0.061
17 0.464 0.183 0.03 0.03
13 0.473 0.212 0.037 0.038
18 0.527 0.19 0.066 0.046
17 0.637 0.24 0.031 0.05
3 0.624 0.192 0.105 0.097
13 0.698 0.082 0.016 0.034
17 0.738 0.102 0.022 0.036
3 0.756 0.053 0.055 0.081
4 0.763 0.017 0.025 0.024
3 0.546 0.258 0.125 0.082
13 0.573 0.307 0.035 0.045
4 0.441 0.321 0.052 0.037
13 0.421 0.356 0.038 0.037
13 0.465 0.355 0.043 0.046
13 0.455 0.407 0.035 0.058
13 0.411 0.399 0.022 0.039
13 0.39 0.401 0.022 0.045
13 0.383 0.438 0.026 0.059
13 0.411 0.435 0.025 0.046
9 0.155 0.603 0.045 0.047
9 0.205 0.582 0.021 0.061
9 0.256 0.81 0.042 0.052
9 0.351 0.812 0.044 0.043
13 0.214 0.787 0.05 0.101
2 0.231 0.714 0.024 0.059
4 0.134 0.361 0.049 0.073
13 0.176 0.342 0.042 0.051
9 0.218 0.328 0.02 0.038
9 0.151 0.417 0.028 0.039
4 0.303 0.269 0.062 0.062
3 0.319 0.472 0.128 0.187
13 0.421 0.483 0.032 0.06
9 0.448 0.483 0.021 0.04
17 0.488 0.456 0.044 0.068
13 0.479 0.523 0.042 0.064
9 0.507 0.328 0.032 0.043
15 0.53 0.439 0.076 0.088
4 0.45 0.59 0.08 0.097
15 0.372 0.654 0.071 0.11
13 0.466 0.669 0.046 0.074
4 0.307 0.731 0.062 0.143
13 0.303 0.847 0.063 0.064
13 0.34 0.886 0.042 0.091
13 0.384 0.871 0.048 0.081
13 0.362 0.969 0.065 0.059
13 0.425 0.925 0.05 0.088
13 0.455 0.823 0.055 0.088
13 0.515 0.869 0.06 0.077
13 0.475 0.969 0.06 0.061
13 0.589 0.923 0.059 0.088
13 0.622 0.976 0.062 0.047
3 0.604 0.845 0.2 0.28
17 0.578 0.719 0.054 0.069
4 0.597 0.666 0.089 0.102
4 0.537 0.532 0.08 0.092
13 0.524 0.572 0.049 0.066
9 0.54 0.639 0.025 0.059
17 0.607 0.586 0.049 0.077
10 0.618 0.54 0.099 0.126
3 0.826 0.872 0.254 0.255
13 0.694 0.683 0.049 0.061
4 0.815 0.717 0.093 0.111
4 0.847 0.683 0.099 0.121
13 0.885 0.808 0.053 0.077
3 0.775 0.321 0.099 0.157
3 0.864 0.184 0.076 0.15
3 0.747 0.187 0.068 0.136
3 0.678 0.282 0.098 0.157
10 0.724 0.327 0.058 0.089
3 0.803 0.199 0.069 0.106
3 0.919 0.105 0.048 0.104
3 0.819 0.07 0.062 0.101
3 0.89 0.039 0.05 0.076
