3 0.09 0.753 0.179 0.457
4 0.495 0.955 0.156 0.09
4 0.292 0.878 0.139 0.193
4 0.481 0.802 0.122 0.164
4 0.202 0.666 0.059 0.144
4 0.497 0.677 0.102 0.126
10 0.277 0.709 0.1 0.173
10 0.307 0.648 0.098 0.131
10 0.201 0.558 0.075 0.114
4 0.375 0.592 0.084 0.101
17 0.481 0.578 0.068 0.089
3 0.348 0.472 0.105 0.164
8 0.487 0.541 0.079 0.116
4 0.473 0.513 0.068 0.086
10 0.238 0.484 0.071 0.097
4 0.474 0.461 0.062 0.035
10 0.256 0.436 0.063 0.087
17 0.216 0.405 0.029 0.084
4 0.212 0.321 0.035 0.045
3 0.284 0.375 0.109 0.158
19 0.379 0.385 0.068 0.117
4 0.458 0.448 0.058 0.067
15 0.463 0.408 0.064 0.064
3 0.367 0.315 0.065 0.041
4 0.459 0.363 0.048 0.027
3 0.299 0.284 0.066 0.029
10 0.455 0.27 0.05 0.07
3 0.376 0.198 0.038 0.051
3 0.41 0.19 0.035 0.042
8 0.383 0.242 0.029 0.022
3 0.341 0.229 0.041 0.042
10 0.861 0.934 0.186 0.132
8 0.805 0.781 0.146 0.208
4 0.909 0.78 0.139 0.195
4 0.967 0.748 0.065 0.162
4 0.728 0.696 0.105 0.146
10 0.836 0.639 0.131 0.113
4 0.933 0.646 0.108 0.101
4 0.97 0.565 0.06 0.116
4 0.681 0.595 0.089 0.084
15 0.786 0.558 0.091 0.111
4 0.892 0.583 0.089 0.068
8 0.66 0.526 0.093 0.114
4 0.734 0.53 0.068 0.095
4 0.857 0.544 0.085 0.073
4 0.862 0.505 0.085 0.078
8 0.718 0.462 0.073 0.077
15 0.821 0.456 0.074 0.074
15 0.697 0.416 0.051 0.082
8 0.797 0.428 0.06 0.093
4 0.756 0.404 0.035 0.072
19 0.619 0.433 0.044 0.066
4 0.629 0.479 0.058 0.044
4 0.587 0.405 0.044 0.058
4 0.659 0.41 0.035 0.065
3 0.657 0.342 0.079 0.117
3 0.574 0.324 0.071 0.096
3 0.568 0.209 0.038 0.066
