3 0.185 0.88 0.139 0.212
3 0.36 0.847 0.119 0.194
17 0.38 0.965 0.069 0.059
17 0.418 0.938 0.067 0.113
17 0.471 0.866 0.051 0.108
15 0.542 0.847 0.072 0.114
3 0.309 0.771 0.086 0.154
3 0.515 0.699 0.061 0.124
11 0.441 0.802 0.055 0.12
4 0.525 0.774 0.053 0.066
3 0.409 0.707 0.075 0.075
4 0.459 0.711 0.028 0.051
4 0.466 0.683 0.034 0.042
3 0.318 0.702 0.109 0.09
3 0.341 0.655 0.076 0.031
3 0.342 0.639 0.052 0.023
3 0.367 0.639 0.045 0.057
3 0.402 0.604 0.043 0.047
3 0.423 0.611 0.039 0.036
4 0.469 0.661 0.032 0.021
18 0.468 0.632 0.035 0.05
4 0.975 0.923 0.051 0.068
4 0.906 0.961 0.099 0.077
4 0.811 0.977 0.108 0.045
4 0.849 0.877 0.087 0.092
8 0.778 0.915 0.104 0.161
19 0.907 0.827 0.095 0.147
15 0.771 0.792 0.085 0.094
15 0.828 0.784 0.071 0.105
4 0.787 0.709 0.04 0.049
17 0.846 0.745 0.036 0.044
4 0.85 0.739 0.062 0.04
15 0.751 0.744 0.063 0.075
4 0.716 0.871 0.073 0.114
4 0.692 0.823 0.075 0.084
4 0.662 0.774 0.059 0.075
8 0.647 0.727 0.055 0.074
17 0.749 0.694 0.032 0.029
17 0.717 0.688 0.023 0.055
8 0.667 0.686 0.042 0.064
4 0.615 0.718 0.028 0.06
4 0.611 0.698 0.038 0.047
4 0.581 0.658 0.019 0.042
4 0.642 0.637 0.032 0.032
17 0.604 0.595 0.015 0.027
4 0.626 0.619 0.025 0.027
15 0.57 0.623 0.025 0.035
8 0.567 0.592 0.021 0.027
3 0.635 0.591 0.024 0.05
17 0.609 0.587 0.013 0.025
3 0.671 0.597 0.032 0.057
3 0.708 0.631 0.049 0.072
3 0.691 0.614 0.04 0.062
3 0.421 0.577 0.032 0.02
3 0.485 0.556 0.019 0.021
3 0.455 0.551 0.025 0.05
8 0.524 0.591 0.022 0.021
4 0.492 0.631 0.013 0.031
11 0.514 0.623 0.028 0.036
17 0.408 0.632 0.022 0.008
17 0.405 0.654 0.025 0.016
17 0.441 0.66 0.022 0.021
3 0.515 0.528 0.013 0.021
19 0.595 0.557 0.016 0.021
19 0.57 0.551 0.012 0.022
4 0.577 0.582 0.015 0.021
8 0.592 0.579 0.012 0.021
17 0.602 0.596 0.013 0.027
17 0.609 0.588 0.013 0.024
3 0.587 0.546 0.02 0.03
3 0.567 0.529 0.017 0.023
3 0.483 0.518 0.015 0.014
4 0.455 0.586 0.014 0.009
3 0.462 0.517 0.021 0.014
8 0.487 0.605 0.019 0.014
15 0.508 0.577 0.021 0.013
18 0.557 0.509 0.008 0.016
