17 0.751 0.792 0.167 0.189
17 0.661 0.608 0.083 0.089
17 0.441 0.602 0.083 0.074
17 0.249 0.903 0.222 0.195
4 0.366 0.698 0.178 0.135
3 0.613 0.51 0.118 0.107
4 0.116 0.826 0.229 0.231
8 0.227 0.618 0.146 0.116
8 0.536 0.618 0.125 0.129
19 0.486 0.821 0.243 0.313
4 0.365 0.589 0.106 0.075
10 0.485 0.503 0.079 0.07
4 0.38 0.53 0.09 0.054
4 0.054 0.608 0.106 0.072
9 0.019 0.551 0.035 0.047
17 0.039 0.503 0.053 0.035
4 0.176 0.515 0.058 0.035
8 0.253 0.49 0.051 0.04
17 0.542 0.493 0.035 0.043
3 0.481 0.439 0.039 0.037
4 0.373 0.48 0.049 0.032
9 0.203 0.476 0.028 0.028
