3 0.394 0.586 0.121 0.254
8 0.381 0.877 0.12 0.24
4 0.056 0.82 0.109 0.171
3 0.332 0.526 0.129 0.268
3 0.447 0.307 0.056 0.077
3 0.44 0.39 0.064 0.094
13 0.154 0.942 0.078 0.116
13 0.17 0.877 0.076 0.135
13 0.231 0.877 0.065 0.18
13 0.169 0.692 0.05 0.08
13 0.18 0.635 0.043 0.072
19 0.724 0.901 0.118 0.193
15 0.656 0.83 0.12 0.246
4 0.257 0.655 0.076 0.088
7 0.588 0.482 0.092 0.18
4 0.927 0.762 0.112 0.122
4 0.177 0.515 0.059 0.058
17 0.099 0.663 0.065 0.138
4 0.051 0.71 0.09 0.044
13 0.086 0.43 0.023 0.041
4 0.609 0.664 0.079 0.075
13 0.596 0.739 0.053 0.18
13 0.877 0.921 0.062 0.135
13 0.789 0.837 0.056 0.16
13 0.78 0.758 0.061 0.086
13 0.847 0.793 0.067 0.138
6 0.726 0.591 0.104 0.138
13 0.978 0.685 0.043 0.088
13 0.818 0.678 0.05 0.075
4 0.106 0.496 0.062 0.047
15 0.154 0.467 0.062 0.05
17 0.238 0.591 0.051 0.066
4 0.262 0.345 0.042 0.033
13 0.261 0.431 0.025 0.061
13 0.223 0.439 0.026 0.055
8 0.029 0.617 0.054 0.108
19 0.368 0.377 0.084 0.047
13 0.768 0.517 0.03 0.066
13 0.917 0.667 0.048 0.052
19 0.961 0.952 0.078 0.091
