4 0.244 0.727 0.277 0.201
13 0.579 0.593 0.091 0.061
4 0.634 0.59 0.052 0.047
13 0.698 0.594 0.067 0.064
13 0.73 0.575 0.082 0.036
13 0.923 0.588 0.123 0.062
13 0.523 0.574 0.033 0.042
13 0.061 0.566 0.022 0.024
4 0.08 0.562 0.02 0.015
13 0.401 0.589 0.04 0.055
13 0.336 0.581 0.036 0.045
4 0.272 0.578 0.059 0.028
13 0.448 0.565 0.024 0.028
4 0.237 0.57 0.041 0.023
13 0.291 0.558 0.016 0.019
4 0.235 0.553 0.023 0.012
3 0.252 0.542 0.017 0.008
4 0.345 0.555 0.02 0.012
13 0.272 0.556 0.017 0.015
4 0.307 0.552 0.015 0.01
