13 0.978 0.929 0.045 0.103
13 0.913 0.928 0.057 0.126
13 0.958 0.849 0.056 0.061
13 0.92 0.8 0.037 0.049
13 0.89 0.843 0.04 0.065
13 0.853 0.803 0.044 0.095
13 0.867 0.731 0.031 0.056
13 0.812 0.759 0.041 0.075
13 0.83 0.705 0.036 0.036
13 0.771 0.707 0.034 0.066
13 0.751 0.657 0.024 0.035
13 0.727 0.772 0.068 0.078
13 0.671 0.763 0.049 0.091
13 0.641 0.724 0.022 0.065
13 0.593 0.687 0.029 0.066
13 0.62 0.679 0.026 0.065
13 0.67 0.658 0.025 0.049
13 0.646 0.663 0.023 0.053
13 0.612 0.627 0.021 0.044
13 0.644 0.616 0.021 0.042
13 0.638 0.588 0.016 0.014
13 0.582 0.618 0.021 0.04
13 0.604 0.592 0.017 0.03
13 0.593 0.57 0.012 0.027
13 0.583 0.564 0.012 0.026
13 0.597 0.553 0.012 0.013
13 0.583 0.541 0.01 0.016
13 0.598 0.539 0.01 0.014
13 0.109 0.827 0.06 0.086
13 0.356 0.683 0.029 0.052
13 0.33 0.677 0.025 0.056
13 0.387 0.637 0.021 0.022
13 0.404 0.601 0.014 0.03
13 0.392 0.593 0.013 0.021
13 0.429 0.577 0.007 0.013
13 0.422 0.576 0.008 0.013
15 0.116 0.755 0.109 0.061
15 0.235 0.706 0.075 0.065
15 0.295 0.672 0.042 0.052
4 0.338 0.635 0.023 0.031
4 0.404 0.663 0.038 0.039
4 0.394 0.711 0.032 0.057
4 0.335 0.767 0.058 0.078
4 0.28 0.879 0.109 0.12
4 0.378 0.618 0.034 0.014
17 0.571 0.583 0.015 0.031
3 0.549 0.592 0.031 0.062
3 0.463 0.61 0.051 0.07
6 0.548 0.668 0.033 0.072
17 0.57 0.521 0.009 0.016
20 0.753 0.849 0.058 0.086
