7 0.705 0.763 0.354 0.433
7 0.329 0.655 0.397 0.337
7 0.224 0.368 0.291 0.322
17 0.219 0.908 0.154 0.18
17 0.054 0.823 0.106 0.13
17 0.545 0.978 0.114 0.042
17 0.378 0.952 0.15 0.093
13 0.051 0.69 0.081 0.167
4 0.131 0.522 0.094 0.093
13 0.065 0.475 0.052 0.197
13 0.018 0.475 0.032 0.143
13 0.965 0.708 0.061 0.083
13 0.937 0.645 0.058 0.053
13 0.776 0.545 0.063 0.11
13 0.723 0.503 0.047 0.148
17 0.683 0.462 0.053 0.147
17 0.607 0.48 0.116 0.067
17 0.478 0.447 0.11 0.08
17 0.567 0.403 0.097 0.073
17 0.468 0.255 0.089 0.113
17 0.618 0.251 0.097 0.118
17 0.386 0.186 0.067 0.058
17 0.28 0.075 0.033 0.07
17 0.117 0.152 0.059 0.087
17 0.049 0.123 0.069 0.083
17 0.046 0.056 0.07 0.038
17 0.238 0.049 0.034 0.022
17 0.029 0.016 0.028 0.028
17 0.806 0.203 0.027 0.045
17 0.847 0.163 0.071 0.047
17 0.875 0.418 0.077 0.097
13 0.066 0.018 0.029 0.033
13 0.132 0.066 0.034 0.062
13 0.148 0.025 0.033 0.037
13 0.289 0.023 0.041 0.033
13 0.247 0.099 0.043 0.055
13 0.267 0.147 0.041 0.047
13 0.271 0.182 0.024 0.03
13 0.151 0.102 0.017 0.077
13 0.192 0.073 0.036 0.053
13 0.192 0.148 0.022 0.063
13 0.776 0.395 0.054 0.157
13 0.461 0.12 0.041 0.06
13 0.488 0.169 0.04 0.058
13 0.326 0.219 0.033 0.085
13 0.286 0.263 0.036 0.045
13 0.367 0.248 0.043 0.077
13 0.479 0.347 0.048 0.08
13 0.53 0.333 0.031 0.102
13 0.41 0.42 0.04 0.1
9 0.872 0.655 0.063 0.13
13 0.614 0.358 0.052 0.073
3 0.069 0.933 0.136 0.133
16 0.977 0.214 0.047 0.152
15 0.711 0.286 0.153 0.188
4 0.778 0.133 0.15 0.128
4 0.891 0.049 0.132 0.092
8 0.842 0.286 0.15 0.145
13 0.101 0.187 0.039 0.07
4 0.373 0.125 0.118 0.08
20 0.925 0.179 0.066 0.102
