4 0.713 0.918 0.143 0.163
4 0.909 0.966 0.109 0.068
4 0.867 0.849 0.142 0.163
4 0.641 0.779 0.113 0.235
4 0.942 0.696 0.114 0.121
4 0.818 0.719 0.113 0.138
4 0.599 0.62 0.081 0.078
4 0.623 0.547 0.081 0.055
4 0.698 0.562 0.056 0.15
4 0.574 0.489 0.076 0.068
4 0.564 0.43 0.056 0.051
4 0.556 0.389 0.049 0.036
4 0.551 0.355 0.037 0.032
4 0.86 0.498 0.042 0.085
4 0.867 0.599 0.069 0.108
4 0.197 0.758 0.114 0.161
4 0.291 0.643 0.087 0.133
4 0.158 0.587 0.044 0.072
4 0.248 0.519 0.052 0.097
4 0.601 0.386 0.026 0.076
4 0.024 0.956 0.047 0.089
4 0.401 0.673 0.102 0.078
4 0.393 0.324 0.026 0.068
4 0.349 0.286 0.019 0.042
4 0.324 0.319 0.027 0.04
4 0.298 0.368 0.04 0.049
4 0.381 0.26 0.02 0.032
4 0.422 0.256 0.03 0.034
4 0.291 0.261 0.026 0.025
4 0.334 0.47 0.058 0.047
4 0.342 0.401 0.032 0.066
4 0.334 0.968 0.164 0.064
4 0.558 0.238 0.024 0.023
4 0.318 0.265 0.028 0.017
4 0.449 0.243 0.018 0.028
4 0.909 0.422 0.071 0.055
8 0.958 0.549 0.08 0.148
8 0.781 0.579 0.1 0.146
8 0.786 0.374 0.041 0.125
17 0.831 0.417 0.044 0.064
17 0.736 0.457 0.034 0.07
17 0.636 0.386 0.037 0.03
17 0.563 0.304 0.033 0.032
17 0.037 0.801 0.069 0.216
17 0.604 0.337 0.034 0.017
10 0.548 0.203 0.026 0.047
10 0.06 0.474 0.076 0.155
9 0.219 0.637 0.042 0.083
9 0.546 0.649 0.022 0.108
9 0.864 0.418 0.02 0.049
10 0.353 0.824 0.144 0.225
9 0.219 0.322 0.018 0.021
9 0.235 0.314 0.008 0.034
8 0.26 0.302 0.038 0.057
3 0.241 0.242 0.052 0.076
3 0.32 0.204 0.051 0.087
3 0.375 0.198 0.052 0.066
3 0.095 0.345 0.134 0.102
7 0.194 0.393 0.096 0.117
15 0.28 0.427 0.076 0.066
15 0.149 0.497 0.098 0.083
15 0.428 0.359 0.048 0.049
8 0.442 0.291 0.038 0.032
15 0.397 0.409 0.071 0.055
8 0.398 0.482 0.068 0.061
8 0.403 0.576 0.084 0.119
8 0.103 0.697 0.06 0.203
3 0.605 0.247 0.066 0.091
3 0.694 0.306 0.108 0.138
3 0.769 0.267 0.036 0.064
3 0.692 0.214 0.06 0.051
3 0.648 0.186 0.029 0.059
3 0.616 0.174 0.032 0.055
3 0.575 0.169 0.028 0.047
3 0.595 0.167 0.01 0.055
19 0.677 0.445 0.078 0.097
8 0.455 0.196 0.021 0.032
9 0.464 0.233 0.01 0.03
4 0.152 0.916 0.181 0.167
