6 0.132 0.72 0.139 0.158
13 0.101 0.601 0.066 0.075
13 0.161 0.554 0.051 0.082
13 0.296 0.527 0.036 0.079
13 0.33 0.494 0.029 0.066
13 0.221 0.414 0.024 0.04
13 0.439 0.362 0.011 0.017
13 0.423 0.371 0.015 0.025
2 0.184 0.429 0.017 0.025
13 0.235 0.466 0.024 0.039
13 0.224 0.5 0.025 0.056
13 0.202 0.51 0.029 0.06
13 0.399 0.381 0.024 0.03
15 0.51 0.611 0.074 0.127
16 0.647 0.65 0.071 0.125
4 0.636 0.443 0.036 0.054
2 0.566 0.43 0.03 0.028
17 0.909 0.74 0.082 0.164
3 0.791 0.692 0.158 0.352
4 0.575 0.366 0.022 0.026
10 0.626 0.35 0.018 0.026
13 0.628 0.326 0.009 0.006
3 0.609 0.32 0.015 0.027
15 0.598 0.351 0.018 0.023
15 0.59 0.334 0.016 0.011
17 0.59 0.303 0.007 0.01
17 0.603 0.297 0.005 0.008
3 0.548 0.324 0.019 0.016
3 0.56 0.298 0.012 0.017
13 0.519 0.331 0.006 0.015
13 0.505 0.335 0.009 0.016
9 0.637 0.346 0.005 0.014
