1 0.944 0.887 0.113 0.22
8 0.365 0.861 0.115 0.262
4 0.263 0.674 0.093 0.145
17 0.104 0.62 0.07 0.12
17 0.193 0.6 0.063 0.114
16 0.373 0.602 0.061 0.106
17 0.927 0.698 0.109 0.142
9 0.821 0.812 0.043 0.109
3 0.658 0.699 0.287 0.529
4 0.769 0.609 0.104 0.125
2 0.778 0.538 0.041 0.056
3 0.634 0.397 0.094 0.131
3 0.567 0.39 0.067 0.095
17 0.495 0.471 0.035 0.084
8 0.394 0.497 0.048 0.092
17 0.321 0.517 0.05 0.097
17 0.187 0.487 0.044 0.072
17 0.176 0.451 0.037 0.061
17 0.304 0.476 0.033 0.072
4 0.26 0.458 0.057 0.064
4 0.245 0.422 0.054 0.058
4 0.21 0.404 0.039 0.045
4 0.483 0.411 0.03 0.042
15 0.39 0.426 0.039 0.05
17 0.339 0.433 0.033 0.07
17 0.309 0.418 0.03 0.045
4 0.478 0.368 0.037 0.045
3 0.349 0.362 0.05 0.078
3 0.291 0.34 0.059 0.072
4 0.248 0.357 0.026 0.033
4 0.393 0.368 0.033 0.045
4 0.388 0.334 0.028 0.028
3 0.321 0.28 0.043 0.053
3 0.569 0.267 0.061 0.039
4 0.388 0.315 0.02 0.017
