17 0.885 0.923 0.102 0.154
17 0.098 0.735 0.085 0.13
17 0.199 0.582 0.044 0.081
17 0.223 0.519 0.022 0.059
17 0.36 0.544 0.035 0.077
17 0.331 0.504 0.025 0.066
17 0.321 0.461 0.022 0.031
17 0.375 0.458 0.028 0.047
17 0.453 0.452 0.021 0.05
17 0.436 0.441 0.013 0.046
17 0.759 0.747 0.052 0.149
17 0.818 0.696 0.041 0.083
17 0.787 0.626 0.052 0.044
17 0.613 0.774 0.035 0.103
14 0.552 0.589 0.023 0.063
9 0.618 0.455 0.015 0.036
13 0.656 0.405 0.016 0.041
3 0.605 0.371 0.019 0.046
9 0.593 0.351 0.007 0.02
13 0.854 0.786 0.046 0.117
13 0.808 0.852 0.045 0.196
4 0.703 0.498 0.043 0.061
17 0.537 0.346 0.01 0.02
3 0.519 0.376 0.026 0.049
13 0.495 0.376 0.012 0.03
13 0.455 0.41 0.016 0.04
3 0.408 0.418 0.044 0.064
19 0.257 0.55 0.043 0.091
13 0.155 0.601 0.04 0.071
4 0.081 0.631 0.095 0.081
9 0.953 0.759 0.044 0.089
9 0.925 0.714 0.031 0.08
9 0.853 0.706 0.027 0.059
9 0.809 0.566 0.014 0.054
