17 0.565 0.872 0.08 0.18
4 0.796 0.93 0.111 0.137
4 0.96 0.951 0.08 0.093
4 0.952 0.864 0.095 0.126
8 0.804 0.776 0.098 0.173
17 0.932 0.784 0.074 0.15
10 0.912 0.685 0.1 0.173
4 0.743 0.76 0.038 0.135
3 0.593 0.659 0.147 0.477
10 0.681 0.712 0.027 0.161
8 0.825 0.659 0.072 0.099
8 0.761 0.63 0.073 0.121
17 0.844 0.585 0.048 0.058
17 0.793 0.554 0.042 0.055
17 0.753 0.555 0.045 0.036
17 0.715 0.565 0.029 0.109
10 0.684 0.589 0.028 0.103
4 0.756 0.488 0.045 0.066
4 0.692 0.47 0.045 0.076
17 0.729 0.421 0.03 0.081
17 0.797 0.371 0.035 0.069
10 0.757 0.37 0.057 0.139
10 0.643 0.396 0.047 0.051
9 0.705 0.394 0.016 0.045
4 0.698 0.358 0.039 0.059
3 0.723 0.303 0.047 0.07
3 0.62 0.359 0.059 0.124
3 0.697 0.245 0.036 0.047
4 0.672 0.347 0.022 0.056
10 0.078 0.929 0.154 0.135
12 0.159 0.84 0.195 0.312
4 0.279 0.811 0.062 0.147
4 0.369 0.692 0.084 0.121
4 0.373 0.605 0.072 0.065
15 0.255 0.696 0.093 0.081
4 0.287 0.676 0.059 0.099
10 0.282 0.535 0.065 0.076
15 0.277 0.604 0.072 0.062
4 0.362 0.583 0.06 0.067
4 0.031 0.802 0.06 0.074
17 0.036 0.744 0.059 0.081
8 0.15 0.65 0.082 0.058
4 0.027 0.693 0.053 0.065
4 0.073 0.649 0.073 0.065
4 0.022 0.595 0.042 0.073
4 0.093 0.602 0.065 0.029
8 0.182 0.622 0.074 0.071
10 0.178 0.565 0.062 0.055
4 0.226 0.576 0.034 0.084
4 0.336 0.539 0.045 0.078
4 0.646 0.228 0.015 0.03
10 0.042 0.518 0.062 0.126
17 0.1 0.545 0.047 0.085
17 0.181 0.508 0.042 0.032
8 0.125 0.48 0.065 0.081
15 0.184 0.47 0.053 0.052
3 0.146 0.389 0.118 0.093
17 0.293 0.438 0.032 0.034
3 0.314 0.363 0.065 0.081
3 0.376 0.276 0.045 0.071
