4 0.832 0.825 0.119 0.174
4 0.947 0.973 0.106 0.048
4 0.975 0.794 0.051 0.151
4 0.947 0.692 0.104 0.127
19 0.924 0.59 0.072 0.105
8 0.747 0.563 0.083 0.139
17 0.951 0.539 0.053 0.102
4 0.68 0.503 0.069 0.086
4 0.787 0.507 0.062 0.089
3 0.835 0.42 0.104 0.164
4 0.726 0.428 0.05 0.078
19 0.925 0.345 0.073 0.057
3 0.779 0.373 0.051 0.12
19 0.696 0.391 0.055 0.079
8 0.627 0.394 0.055 0.082
4 0.658 0.381 0.023 0.059
4 0.744 0.356 0.024 0.047
4 0.626 0.339 0.039 0.037
19 0.685 0.331 0.041 0.047
3 0.809 0.305 0.06 0.053
9 0.721 0.313 0.014 0.032
3 0.805 0.239 0.049 0.04
3 0.72 0.233 0.051 0.044
19 0.696 0.282 0.028 0.042
3 0.664 0.249 0.04 0.064
3 0.482 0.21 0.053 0.048
3 0.392 0.22 0.039 0.048
3 0.348 0.226 0.056 0.057
3 0.449 0.255 0.041 0.061
3 0.317 0.273 0.051 0.045
19 0.423 0.234 0.023 0.029
4 0.495 0.252 0.015 0.029
19 0.53 0.248 0.023 0.031
8 0.362 0.278 0.03 0.029
8 0.414 0.275 0.04 0.028
10 0.386 0.264 0.024 0.028
8 0.462 0.275 0.03 0.028
8 0.376 0.291 0.032 0.026
4 0.518 0.269 0.024 0.02
10 0.523 0.302 0.038 0.037
4 0.497 0.303 0.014 0.026
3 0.233 0.316 0.082 0.054
3 0.294 0.301 0.017 0.057
3 0.28 0.331 0.02 0.088
3 0.387 0.348 0.07 0.075
4 0.342 0.369 0.015 0.041
4 0.459 0.384 0.041 0.056
10 0.515 0.368 0.062 0.092
0 0.528 0.417 0.058 0.089
8 0.414 0.392 0.052 0.045
19 0.31 0.43 0.053 0.076
4 0.324 0.447 0.061 0.041
4 0.369 0.427 0.049 0.063
4 0.319 0.389 0.047 0.044
15 0.422 0.432 0.056 0.059
4 0.393 0.473 0.054 0.064
3 0.159 0.37 0.033 0.064
3 0.229 0.38 0.109 0.081
3 0.227 0.472 0.1 0.124
15 0.331 0.528 0.077 0.089
4 0.322 0.469 0.062 0.045
15 0.299 0.575 0.092 0.097
3 0.109 0.423 0.115 0.082
3 0.133 0.501 0.122 0.111
3 0.171 0.635 0.133 0.242
17 0.397 0.56 0.058 0.075
17 0.422 0.545 0.053 0.076
8 0.429 0.528 0.072 0.098
4 0.497 0.452 0.056 0.063
4 0.508 0.481 0.057 0.069
4 0.533 0.491 0.062 0.04
4 0.523 0.518 0.067 0.042
15 0.518 0.597 0.088 0.105
4 0.412 0.603 0.082 0.056
4 0.28 0.628 0.085 0.094
4 0.337 0.675 0.053 0.094
4 0.468 0.668 0.086 0.097
8 0.385 0.719 0.102 0.155
10 0.512 0.755 0.119 0.201
4 0.584 0.725 0.027 0.13
4 0.56 0.883 0.129 0.158
4 0.591 0.95 0.145 0.094
4 0.383 0.925 0.134 0.138
15 0.213 0.762 0.114 0.151
10 0.284 0.825 0.13 0.23
17 0.04 0.485 0.063 0.04
4 0.041 0.527 0.062 0.044
4 0.033 0.568 0.063 0.05
15 0.017 0.611 0.032 0.091
17 0.063 0.647 0.065 0.117
4 0.026 0.712 0.05 0.108
4 0.009 0.794 0.016 0.13
4 0.107 0.885 0.115 0.139
17 0.057 0.931 0.1 0.138
4 0.266 0.978 0.135 0.044
