3 0.241 0.701 0.316 0.378
18 0.714 0.807 0.247 0.345
18 0.913 0.51 0.172 0.215
10 0.57 0.608 0.214 0.355
10 0.463 0.525 0.17 0.32
10 0.358 0.438 0.138 0.185
3 0.26 0.415 0.067 0.16
18 0.227 0.355 0.091 0.185
18 0.15 0.321 0.069 0.113
10 0.602 0.299 0.073 0.152
10 0.741 0.27 0.092 0.125
18 0.667 0.255 0.062 0.11
17 0.751 0.352 0.039 0.07
19 0.698 0.365 0.053 0.09
19 0.921 0.369 0.092 0.092
4 0.145 0.444 0.062 0.068
19 0.051 0.559 0.08 0.138
10 0.547 0.307 0.044 0.1
6 0.513 0.295 0.038 0.07
19 0.423 0.31 0.075 0.075
3 0.352 0.276 0.216 0.122
10 0.498 0.26 0.044 0.08
10 0.103 0.19 0.038 0.07
10 0.086 0.17 0.031 0.07
4 0.098 0.239 0.028 0.037
