11 0.628 0.734 0.47 0.524
3 0.124 0.603 0.245 0.79
4 0.372 0.791 0.314 0.418
16 0.285 0.634 0.195 0.153
19 0.831 0.457 0.177 0.203
4 0.952 0.405 0.07 0.144
9 0.966 0.544 0.049 0.123
19 0.482 0.474 0.202 0.226
17 0.616 0.494 0.125 0.182
4 0.342 0.461 0.191 0.179
3 0.566 0.233 0.104 0.094
4 0.641 0.384 0.118 0.09
0 0.855 0.328 0.125 0.101
4 0.54 0.354 0.1 0.056
4 0.954 0.312 0.073 0.073
4 0.611 0.315 0.077 0.054
9 0.29 0.337 0.038 0.052
17 0.421 0.275 0.043 0.05
17 0.497 0.245 0.027 0.038
17 0.467 0.252 0.025 0.038
4 0.707 0.307 0.086 0.076
4 0.745 0.345 0.104 0.075
4 0.66 0.28 0.062 0.064
4 0.746 0.276 0.052 0.045
19 0.84 0.255 0.074 0.066
19 0.936 0.246 0.073 0.064
10 0.71 0.242 0.059 0.04
