13 0.964 0.812 0.072 0.207
13 0.872 0.964 0.099 0.071
13 0.767 0.898 0.091 0.203
13 0.828 0.77 0.07 0.089
13 0.753 0.73 0.081 0.134
9 0.826 0.686 0.047 0.087
9 0.76 0.543 0.033 0.076
13 0.716 0.523 0.047 0.149
13 0.956 0.629 0.086 0.082
13 0.973 0.451 0.055 0.106
2 0.913 0.45 0.057 0.059
13 0.826 0.446 0.042 0.066
13 0.755 0.37 0.036 0.069
13 0.66 0.259 0.021 0.035
13 0.646 0.23 0.018 0.019
13 0.617 0.177 0.014 0.035
13 0.639 0.213 0.017 0.016
13 0.602 0.177 0.012 0.024
13 0.585 0.149 0.01 0.021
3 0.589 0.691 0.201 0.611
4 0.378 0.886 0.169 0.227
4 0.152 0.94 0.203 0.116
17 0.279 0.755 0.145 0.24
15 0.437 0.598 0.126 0.227
17 0.318 0.582 0.087 0.123
9 0.673 0.365 0.038 0.043
3 0.598 0.321 0.103 0.118
15 0.475 0.424 0.064 0.116
10 0.526 0.372 0.029 0.111
4 0.503 0.299 0.043 0.033
8 0.51 0.253 0.036 0.056
3 0.571 0.229 0.053 0.069
3 0.56 0.181 0.036 0.031
3 0.557 0.151 0.039 0.024
3 0.517 0.173 0.031 0.068
3 0.383 0.382 0.108 0.208
4 0.456 0.312 0.016 0.073
4 0.465 0.262 0.036 0.024
3 0.466 0.206 0.052 0.085
4 0.493 0.156 0.016 0.014
4 0.328 0.296 0.055 0.047
15 0.073 0.664 0.143 0.241
15 0.184 0.461 0.121 0.127
