15 0.593 0.687 0.102 0.218
17 0.616 0.544 0.047 0.065
13 0.565 0.485 0.028 0.062
13 0.544 0.463 0.018 0.053
13 0.544 0.41 0.019 0.024
19 0.296 0.875 0.171 0.25
3 0.046 0.903 0.09 0.193
3 0.439 0.657 0.13 0.383
3 0.491 0.497 0.076 0.208
3 0.499 0.349 0.038 0.062
3 0.484 0.304 0.034 0.028
3 0.44 0.4 0.059 0.106
3 0.445 0.332 0.04 0.033
3 0.43 0.29 0.036 0.049
3 0.399 0.273 0.028 0.032
3 0.362 0.333 0.052 0.032
3 0.381 0.408 0.062 0.054
3 0.311 0.541 0.111 0.218
3 0.306 0.39 0.101 0.089
3 0.147 0.732 0.226 0.411
