19 0.699 0.963 0.184 0.075
15 0.63 0.616 0.168 0.276
4 0.602 0.86 0.184 0.211
17 0.623 0.433 0.078 0.089
15 0.541 0.392 0.077 0.142
4 0.488 0.356 0.03 0.103
17 0.426 0.297 0.036 0.049
3 0.432 0.182 0.086 0.103
3 0.484 0.11 0.094 0.042
3 0.282 0.848 0.266 0.304
3 0.439 0.571 0.169 0.439
3 0.224 0.59 0.173 0.254
3 0.067 0.732 0.132 0.536
3 0.262 0.382 0.115 0.175
3 0.152 0.356 0.096 0.207
7 0.37 0.309 0.094 0.082
3 0.274 0.268 0.08 0.053
3 0.2 0.229 0.074 0.05
3 0.349 0.203 0.066 0.129
3 0.276 0.17 0.07 0.068
3 0.28 0.223 0.068 0.04
3 0.341 0.117 0.049 0.033
3 0.263 0.113 0.056 0.05
3 0.35 0.072 0.037 0.035
10 0.304 0.113 0.026 0.046
