8 0.179 0.833 0.088 0.169
2 0.152 0.694 0.02 0.051
9 0.362 0.54 0.062 0.049
13 0.134 0.354 0.048 0.082
13 0.164 0.223 0.083 0.087
13 0.074 0.231 0.084 0.053
13 0.238 0.18 0.068 0.084
13 0.71 0.232 0.026 0.038
13 0.721 0.182 0.033 0.058
13 0.659 0.153 0.059 0.076
13 0.86 0.519 0.074 0.073
13 0.907 0.439 0.065 0.033
17 0.255 0.812 0.058 0.109
17 0.275 0.932 0.058 0.131
17 0.368 0.954 0.055 0.091
17 0.424 0.52 0.057 0.053
17 0.721 0.267 0.057 0.04
4 0.954 0.497 0.087 0.091
4 0.567 0.577 0.062 0.104
4 0.621 0.519 0.074 0.1
4 0.507 0.83 0.078 0.136
10 0.556 0.946 0.086 0.109
4 0.772 0.629 0.08 0.164
4 0.426 0.856 0.09 0.138
4 0.333 0.85 0.083 0.104
4 0.179 0.962 0.074 0.076
4 0.042 0.344 0.081 0.053
13 0.061 0.394 0.029 0.051
4 0.23 0.313 0.135 0.067
4 0.212 0.384 0.1 0.076
4 0.425 0.309 0.133 0.102
4 0.778 0.072 0.096 0.087
4 0.076 0.3 0.1 0.076
20 0.866 0.472 0.045 0.033
20 0.605 0.144 0.057 0.053
