17 0.045 0.593 0.087 0.135
17 0.448 0.755 0.073 0.22
17 0.88 0.764 0.097 0.217
17 0.463 0.547 0.061 0.115
17 0.758 0.419 0.051 0.083
17 0.561 0.389 0.034 0.033
9 0.899 0.621 0.043 0.077
9 0.842 0.56 0.034 0.075
9 0.633 0.459 0.022 0.058
9 0.587 0.362 0.023 0.04
9 0.719 0.372 0.022 0.045
9 0.415 0.285 0.014 0.03
2 0.676 0.471 0.019 0.052
3 0.506 0.216 0.021 0.033
3 0.528 0.224 0.022 0.037
3 0.554 0.247 0.026 0.055
3 0.599 0.245 0.022 0.05
17 0.616 0.268 0.01 0.03
3 0.639 0.28 0.036 0.06
3 0.366 0.245 0.03 0.035
3 0.323 0.259 0.04 0.033
3 0.339 0.299 0.068 0.048
3 0.284 0.398 0.113 0.16
3 0.754 0.811 0.226 0.378
3 0.575 0.6 0.124 0.38
4 0.347 0.748 0.131 0.25
15 0.674 0.326 0.033 0.058
15 0.214 0.362 0.05 0.075
4 0.441 0.291 0.023 0.037
8 0.408 0.33 0.039 0.05
15 0.526 0.318 0.032 0.05
4 0.291 0.304 0.025 0.037
9 0.81 0.494 0.032 0.058
4 0.443 0.464 0.062 0.058
4 0.469 0.399 0.044 0.062
4 0.51 0.421 0.033 0.088
4 0.483 0.343 0.033 0.05
4 0.487 0.305 0.028 0.025
4 0.501 0.24 0.017 0.025
4 0.515 0.255 0.015 0.02
4 0.516 0.283 0.019 0.025
