3 0.905 0.236 0.19 0.261
3 0.933 0.154 0.129 0.131
3 0.132 0.702 0.26 0.595
3 0.374 0.2 0.097 0.164
3 0.591 0.134 0.076 0.181
3 0.873 0.042 0.086 0.076
3 0.718 0.044 0.058 0.085
4 0.758 0.203 0.056 0.087
19 0.782 0.144 0.054 0.107
19 0.843 0.105 0.044 0.044
10 0.721 0.098 0.053 0.08
17 0.68 0.07 0.018 0.049
17 0.672 0.027 0.018 0.047
9 0.296 0.341 0.029 0.047
20 0.313 0.271 0.044 0.1
4 0.81 0.75 0.17 0.314
4 0.637 0.873 0.148 0.254
17 0.311 0.896 0.124 0.208
17 0.297 0.7 0.1 0.236
17 0.376 0.544 0.07 0.187
4 0.447 0.744 0.11 0.283
4 0.738 0.469 0.091 0.172
17 0.651 0.409 0.061 0.14
19 0.574 0.532 0.101 0.27
4 0.465 0.463 0.08 0.153
4 0.335 0.416 0.094 0.136
4 0.379 0.312 0.058 0.134
17 0.422 0.32 0.043 0.115
4 0.479 0.323 0.064 0.109
4 0.566 0.34 0.068 0.132
4 0.634 0.319 0.063 0.094
4 0.69 0.29 0.066 0.119
4 0.615 0.242 0.058 0.071
4 0.666 0.208 0.055 0.076
4 0.651 0.169 0.041 0.076
4 0.638 0.114 0.028 0.066
10 0.548 0.25 0.052 0.106
4 0.489 0.24 0.047 0.082
4 0.452 0.214 0.049 0.083
15 0.483 0.172 0.037 0.069
4 0.468 0.106 0.034 0.068
4 0.505 0.134 0.041 0.055
4 0.534 0.167 0.036 0.058
4 0.534 0.113 0.03 0.053
4 0.502 0.086 0.022 0.052
4 0.51 0.057 0.026 0.034
4 0.536 0.065 0.024 0.036
19 0.576 0.03 0.047 0.042
4 0.62 0.022 0.024 0.032
4 0.465 0.03 0.035 0.034
15 0.509 0.017 0.027 0.027
4 0.469 0.981 0.109 0.038
