9 0.681 0.693 0.106 0.24
9 0.258 0.962 0.091 0.076
4 0.3 0.725 0.598 0.531
4 0.67 0.51 0.239 0.254
4 0.29 0.504 0.397 0.224
4 0.172 0.465 0.259 0.189
19 0.568 0.409 0.224 0.198
17 0.785 0.418 0.094 0.17
17 0.837 0.396 0.092 0.156
17 0.871 0.356 0.061 0.115
17 0.905 0.341 0.036 0.101
17 0.703 0.364 0.068 0.096
4 0.745 0.34 0.051 0.056
4 0.806 0.319 0.043 0.057
3 0.858 0.285 0.096 0.062
3 0.189 0.298 0.226 0.116
17 0.062 0.37 0.116 0.127
17 0.176 0.364 0.109 0.126
17 0.285 0.358 0.094 0.104
17 0.361 0.353 0.08 0.107
17 0.407 0.339 0.047 0.091
17 0.461 0.353 0.066 0.104
