15 0.185 0.686 0.266 0.337
4 0.422 0.452 0.156 0.215
4 0.307 0.902 0.237 0.196
4 0.527 0.957 0.168 0.085
4 0.96 0.694 0.079 0.368
4 0.969 0.413 0.062 0.209
4 0.962 0.251 0.076 0.15
4 0.959 0.134 0.072 0.109
0 0.952 0.054 0.058 0.106
4 0.561 0.219 0.071 0.136
4 0.781 0.151 0.067 0.121
4 0.791 0.069 0.053 0.078
4 0.805 0.015 0.035 0.023
4 0.611 0.098 0.066 0.087
4 0.556 0.219 0.068 0.132
10 0.517 0.14 0.084 0.125
7 0.643 0.194 0.092 0.153
17 0.631 0.675 0.137 0.305
17 0.543 0.437 0.083 0.216
17 0.733 0.069 0.041 0.089
17 0.69 0.037 0.037 0.067
17 0.668 0.088 0.039 0.074
3 0.146 0.493 0.291 0.503
3 0.679 0.353 0.155 0.346
4 0.755 0.248 0.052 0.147
9 0.493 0.253 0.048 0.06
9 0.774 0.444 0.03 0.096
9 0.809 0.276 0.029 0.076
3 0.572 0.056 0.115 0.111
3 0.638 0.019 0.03 0.035
4 0.746 0.034 0.035 0.066
