17 0.585 0.65 0.352 0.699
17 0.083 0.747 0.166 0.503
17 0.034 0.332 0.064 0.232
17 0.03 0.431 0.059 0.227
3 0.118 0.2 0.235 0.264
17 0.134 0.319 0.141 0.236
17 0.21 0.438 0.278 0.423
17 0.397 0.361 0.159 0.291
17 0.34 0.219 0.124 0.041
17 0.444 0.28 0.084 0.162
4 0.509 0.222 0.08 0.081
17 0.582 0.251 0.086 0.125
17 0.662 0.281 0.14 0.119
17 0.82 0.388 0.152 0.303
17 0.748 0.269 0.079 0.152
17 0.964 0.355 0.066 0.252
17 0.883 0.284 0.076 0.18
19 0.616 0.178 0.084 0.054
17 0.461 0.185 0.054 0.051
17 0.535 0.167 0.057 0.036
13 0.335 0.173 0.034 0.059
17 0.661 0.212 0.058 0.049
17 0.686 0.212 0.051 0.064
17 0.793 0.205 0.05 0.044
4 0.938 0.218 0.033 0.065
4 0.977 0.212 0.045 0.064
