3 0.867 0.731 0.267 0.53
3 0.753 0.501 0.172 0.387
3 0.666 0.268 0.105 0.15
19 0.62 0.831 0.179 0.338
19 0.251 0.792 0.195 0.416
4 0.407 0.917 0.162 0.167
4 0.327 0.562 0.114 0.221
0 0.37 0.372 0.08 0.178
4 0.449 0.419 0.077 0.181
4 0.458 0.301 0.057 0.123
4 0.394 0.29 0.049 0.081
4 0.4 0.235 0.047 0.078
4 0.461 0.226 0.051 0.085
4 0.421 0.197 0.032 0.068
4 0.466 0.182 0.034 0.059
17 0.515 0.278 0.03 0.106
3 0.603 0.448 0.171 0.506
4 0.435 0.148 0.029 0.045
9 0.41 0.141 0.014 0.029
4 0.473 0.138 0.031 0.049
17 0.51 0.215 0.027 0.081
17 0.501 0.142 0.022 0.056
3 0.598 0.162 0.077 0.104
3 0.582 0.106 0.058 0.093
3 0.536 0.124 0.046 0.119
3 0.547 0.052 0.039 0.051
3 0.515 0.028 0.029 0.054
3 0.473 0.027 0.03 0.051
3 0.486 0.07 0.024 0.06
4 0.444 0.06 0.016 0.025
4 0.439 0.106 0.029 0.031
15 0.075 0.663 0.144 0.253
4 0.178 0.44 0.118 0.14
4 0.068 0.48 0.134 0.14
4 0.041 0.432 0.079 0.105
4 0.157 0.375 0.105 0.111
4 0.089 0.341 0.093 0.098
15 0.037 0.338 0.071 0.088
4 0.037 0.281 0.068 0.04
17 0.03 0.238 0.05 0.053
17 0.139 0.275 0.05 0.075
17 0.194 0.266 0.051 0.085
17 0.095 0.272 0.053 0.072
17 0.09 0.217 0.039 0.038
17 0.089 0.186 0.049 0.027
17 0.139 0.181 0.04 0.059
4 0.163 0.202 0.049 0.056
4 0.252 0.329 0.086 0.106
4 0.298 0.266 0.057 0.1
4 0.206 0.291 0.042 0.082
4 0.256 0.244 0.048 0.095
19 0.319 0.206 0.053 0.098
4 0.279 0.187 0.045 0.058
4 0.256 0.157 0.034 0.045
4 0.359 0.156 0.032 0.044
4 0.331 0.143 0.026 0.04
19 0.293 0.136 0.034 0.044
3 0.27 0.078 0.046 0.055
4 0.377 0.121 0.022 0.049
4 0.416 0.063 0.017 0.025
4 0.38 0.085 0.02 0.03
19 0.322 0.065 0.02 0.025
