2 0.762 0.81 0.199 0.38
2 0.19 0.898 0.38 0.205
17 0.084 0.345 0.162 0.338
17 0.322 0.347 0.253 0.308
17 0.582 0.359 0.271 0.337
4 0.864 0.456 0.267 0.391
4 0.866 0.332 0.256 0.236
17 0.969 0.219 0.061 0.104
17 0.915 0.172 0.048 0.08
17 0.826 0.248 0.15 0.19
17 0.768 0.244 0.092 0.205
3 0.968 0.11 0.064 0.147
17 0.505 0.257 0.124 0.207
17 0.586 0.194 0.165 0.055
17 0.611 0.163 0.103 0.045
17 0.277 0.285 0.168 0.251
17 0.104 0.195 0.164 0.075
3 0.129 0.136 0.258 0.174
17 0.61 0.156 0.093 0.066
13 0.332 0.143 0.023 0.051
13 0.356 0.149 0.026 0.055
13 0.383 0.15 0.026 0.068
13 0.458 0.156 0.032 0.062
13 0.523 0.153 0.029 0.034
