3 0.493 0.102 0.124 0.094
3 0.648 0.146 0.17 0.104
3 0.867 0.186 0.265 0.245
19 0.945 0.507 0.109 0.448
17 0.908 0.415 0.173 0.338
17 0.96 0.238 0.079 0.07
17 0.896 0.335 0.168 0.245
17 0.582 0.684 0.586 0.631
17 0.141 0.66 0.281 0.673
17 0.158 0.417 0.307 0.364
17 0.041 0.229 0.08 0.061
17 0.541 0.371 0.292 0.216
17 0.67 0.33 0.177 0.176
17 0.696 0.31 0.181 0.207
19 0.749 0.243 0.125 0.164
17 0.505 0.266 0.188 0.093
4 0.395 0.279 0.14 0.153
17 0.171 0.215 0.154 0.063
3 0.446 0.137 0.073 0.067
17 0.53 0.163 0.043 0.045
