3 0.013 0.729 0.023 0.157
3 0.417 0.256 0.214 0.256
3 0.439 0.46 0.264 0.416
3 0.77 0.33 0.138 0.297
3 0.74 0.03 0.088 0.057
4 0.618 0.851 0.217 0.297
4 0.657 0.318 0.095 0.159
4 0.573 0.246 0.08 0.114
4 0.605 0.157 0.07 0.094
4 0.681 0.167 0.069 0.098
4 0.719 0.103 0.051 0.073
4 0.872 0.054 0.039 0.073
4 0.828 0.179 0.058 0.107
4 0.984 0.789 0.032 0.395
4 0.989 0.319 0.022 0.148
4 0.99 0.213 0.021 0.094
0 0.987 0.128 0.025 0.122
4 0.986 0.064 0.028 0.059
4 0.985 0.03 0.029 0.056
10 0.685 0.072 0.051 0.076
7 0.779 0.104 0.066 0.106
4 0.758 0.048 0.039 0.038
17 0.735 0.203 0.052 0.116
17 0.688 0.49 0.079 0.207
17 0.488 0.743 0.117 0.291
9 0.27 0.938 0.08 0.125
9 0.095 0.552 0.102 0.087
9 0.197 0.467 0.087 0.091
9 0.275 0.592 0.069 0.167
9 0.873 0.144 0.022 0.049
17 0.821 0.042 0.031 0.061
17 0.808 0.025 0.017 0.047
17 0.843 0.026 0.016 0.05
9 0.682 0.105 0.022 0.032
