3 0.724 0.406 0.154 0.093
19 0.922 0.426 0.113 0.105
17 0.837 0.443 0.069 0.087
17 0.861 0.529 0.081 0.151
17 0.053 0.645 0.106 0.296
17 0.088 0.574 0.147 0.176
17 0.185 0.634 0.154 0.296
17 0.306 0.613 0.182 0.247
17 0.426 0.541 0.084 0.156
17 0.353 0.477 0.104 0.084
17 0.379 0.436 0.066 0.044
17 0.468 0.521 0.115 0.153
17 0.55 0.534 0.129 0.165
17 0.595 0.589 0.168 0.217
17 0.735 0.606 0.095 0.258
17 0.748 0.534 0.092 0.172
17 0.774 0.487 0.057 0.104
17 0.748 0.44 0.075 0.053
17 0.661 0.494 0.097 0.117
17 0.634 0.452 0.069 0.065
19 0.488 0.44 0.139 0.078
19 0.596 0.442 0.073 0.093
4 0.257 0.481 0.102 0.066
4 0.12 0.472 0.128 0.058
4 0.409 0.792 0.476 0.416
4 0.904 0.586 0.192 0.185
3 0.942 0.685 0.116 0.615
19 0.546 0.382 0.051 0.027
