3 0.951 0.241 0.098 0.24
3 0.199 0.154 0.235 0.192
3 0.371 0.204 0.101 0.093
3 0.545 0.173 0.123 0.089
3 0.659 0.144 0.078 0.091
3 0.7 0.16 0.06 0.047
3 0.046 0.202 0.071 0.125
3 0.281 0.829 0.56 0.343
4 0.08 0.707 0.157 0.216
19 0.141 0.519 0.279 0.24
4 0.475 0.641 0.253 0.272
17 0.744 0.609 0.114 0.292
9 0.863 0.486 0.04 0.109
9 0.889 0.381 0.031 0.062
17 0.778 0.405 0.067 0.156
17 0.814 0.339 0.051 0.108
17 0.768 0.311 0.044 0.1
17 0.858 0.316 0.034 0.094
17 0.457 0.435 0.103 0.147
17 0.48 0.373 0.087 0.136
17 0.345 0.544 0.153 0.231
15 0.027 0.468 0.048 0.145
4 0.203 0.367 0.207 0.106
4 0.331 0.403 0.17 0.134
4 0.628 0.428 0.104 0.183
4 0.58 0.328 0.096 0.116
4 0.546 0.281 0.09 0.083
4 0.664 0.283 0.071 0.077
4 0.634 0.254 0.068 0.066
4 0.744 0.264 0.056 0.074
4 0.706 0.249 0.05 0.089
4 0.742 0.219 0.037 0.042
4 0.028 0.309 0.054 0.059
4 0.073 0.284 0.12 0.085
4 0.199 0.314 0.161 0.083
4 0.187 0.255 0.084 0.049
4 0.254 0.272 0.06 0.072
15 0.338 0.264 0.115 0.078
8 0.326 0.219 0.077 0.049
17 0.677 0.325 0.051 0.118
17 0.808 0.273 0.042 0.059
4 0.866 0.274 0.054 0.08
4 0.802 0.249 0.042 0.062
17 0.784 0.225 0.023 0.047
4 0.888 0.239 0.029 0.066
4 0.864 0.222 0.019 0.059
8 0.801 0.199 0.033 0.045
3 0.75 0.163 0.031 0.023
3 0.011 0.179 0.022 0.27
19 0.432 0.312 0.146 0.148
4 0.668 0.28 0.071 0.069
4 0.473 0.231 0.043 0.03
4 0.516 0.233 0.054 0.045
19 0.606 0.209 0.049 0.051
4 0.826 0.212 0.026 0.051
4 0.899 0.194 0.019 0.036
