3 0.235 0.115 0.198 0.187
3 0.075 0.12 0.142 0.218
19 0.081 0.38 0.157 0.219
4 0.223 0.431 0.227 0.212
17 0.611 0.733 0.169 0.396
17 0.246 0.927 0.252 0.132
4 0.352 0.726 0.318 0.4
17 0.421 0.468 0.157 0.172
17 0.519 0.392 0.104 0.17
17 0.864 0.279 0.05 0.107
17 0.801 0.321 0.06 0.125
2 0.793 0.398 0.042 0.089
3 0.951 0.201 0.098 0.244
17 0.905 0.188 0.025 0.06
4 0.416 0.339 0.148 0.138
4 0.322 0.299 0.153 0.121
4 0.474 0.261 0.118 0.102
4 0.57 0.276 0.095 0.102
4 0.63 0.302 0.087 0.121
4 0.702 0.348 0.114 0.151
4 0.699 0.257 0.069 0.083
17 0.68 0.223 0.05 0.083
15 0.663 0.197 0.068 0.086
15 0.775 0.256 0.081 0.109
15 0.347 0.235 0.116 0.104
15 0.104 0.241 0.117 0.081
4 0.214 0.281 0.155 0.106
4 0.268 0.223 0.073 0.057
4 0.215 0.202 0.082 0.064
19 0.339 0.173 0.077 0.059
3 0.377 0.147 0.096 0.083
4 0.401 0.196 0.053 0.051
4 0.442 0.213 0.077 0.06
4 0.475 0.187 0.043 0.044
4 0.526 0.188 0.056 0.053
4 0.587 0.223 0.085 0.065
4 0.742 0.211 0.058 0.062
4 0.723 0.179 0.043 0.047
4 0.831 0.226 0.044 0.078
4 0.88 0.237 0.042 0.071
4 0.811 0.192 0.042 0.051
4 0.871 0.197 0.039 0.053
8 0.762 0.159 0.042 0.042
3 0.565 0.127 0.118 0.076
3 0.691 0.094 0.084 0.076
19 0.615 0.163 0.06 0.066
4 0.838 0.163 0.028 0.032
19 0.887 0.147 0.037 0.04
19 0.807 0.15 0.031 0.036
3 0.766 0.11 0.034 0.045
17 0.02 0.777 0.038 0.138
4 0.047 0.926 0.087 0.147
4 0.86 0.146 0.024 0.042
