3 0.211 0.116 0.153 0.094
3 0.755 0.167 0.393 0.247
3 0.917 0.499 0.167 0.991
3 0.485 0.067 0.186 0.112
3 0.477 0.148 0.182 0.118
4 0.512 0.687 0.691 0.626
19 0.448 0.193 0.223 0.083
19 0.315 0.162 0.092 0.058
17 0.11 0.364 0.215 0.319
17 0.28 0.458 0.339 0.426
17 0.543 0.345 0.175 0.199
17 0.746 0.376 0.134 0.26
17 0.818 0.331 0.107 0.256
17 0.628 0.303 0.095 0.196
17 0.657 0.26 0.13 0.142
17 0.441 0.294 0.154 0.203
17 0.288 0.223 0.139 0.098
17 0.24 0.17 0.063 0.061
17 0.539 0.301 0.147 0.185
17 0.024 0.183 0.046 0.055
4 0.202 0.167 0.043 0.047
