17 0.334 0.726 0.664 0.548
17 0.576 0.5 0.213 0.448
17 0.705 0.37 0.113 0.272
17 0.832 0.358 0.135 0.248
17 0.899 0.306 0.07 0.185
17 0.171 0.41 0.295 0.276
17 0.061 0.372 0.121 0.24
3 0.065 0.195 0.128 0.169
17 0.285 0.253 0.129 0.064
17 0.345 0.363 0.138 0.227
17 0.402 0.319 0.108 0.207
15 0.43 0.232 0.103 0.091
19 0.567 0.196 0.082 0.047
13 0.306 0.202 0.028 0.06
17 0.539 0.269 0.084 0.139
17 0.667 0.257 0.085 0.098
17 0.603 0.235 0.042 0.081
17 0.725 0.222 0.043 0.047
17 0.777 0.236 0.058 0.047
17 0.789 0.211 0.032 0.044
4 0.965 0.287 0.07 0.149
4 0.921 0.217 0.066 0.053
19 0.684 0.181 0.06 0.044
13 0.369 0.202 0.021 0.06
17 0.51 0.195 0.031 0.031
