17 0.088 0.739 0.17 0.521
17 0.109 0.48 0.218 0.362
17 0.068 0.29 0.136 0.055
17 0.171 0.308 0.102 0.151
17 0.254 0.323 0.115 0.196
3 0.313 0.195 0.302 0.147
17 0.373 0.468 0.264 0.392
17 0.64 0.668 0.434 0.654
17 0.914 0.545 0.173 0.481
17 0.884 0.349 0.176 0.172
17 0.956 0.275 0.069 0.107
17 0.897 0.259 0.1 0.049
17 0.728 0.298 0.088 0.149
17 0.809 0.282 0.07 0.132
17 0.535 0.35 0.157 0.2
17 0.482 0.258 0.117 0.051
17 0.404 0.253 0.061 0.056
13 0.516 0.223 0.026 0.061
17 0.606 0.217 0.055 0.049
17 0.676 0.218 0.056 0.051
19 0.754 0.221 0.086 0.054
19 0.887 0.208 0.064 0.056
4 0.646 0.288 0.085 0.105
