4 0.135 0.577 0.263 0.258
4 0.247 0.495 0.271 0.138
4 0.149 0.42 0.201 0.094
9 0.591 0.477 0.079 0.109
9 0.797 0.427 0.023 0.046
9 0.675 0.457 0.036 0.084
9 0.628 0.394 0.018 0.036
2 0.964 0.46 0.039 0.078
2 0.87 0.444 0.022 0.043
13 0.91 0.406 0.031 0.049
13 0.846 0.402 0.029 0.048
13 0.833 0.394 0.018 0.037
13 0.804 0.393 0.019 0.038
13 0.77 0.409 0.066 0.062
13 0.738 0.399 0.032 0.058
13 0.098 0.375 0.05 0.038
4 0.047 0.383 0.081 0.038
4 0.427 0.379 0.054 0.04
9 0.308 0.394 0.057 0.045
9 0.411 0.383 0.021 0.037
17 0.49 0.43 0.113 0.104
13 0.525 0.373 0.02 0.014
13 0.646 0.407 0.055 0.068
