9 0.042 0.839 0.079 0.079
9 0.03 0.685 0.038 0.057
9 0.191 0.606 0.029 0.046
9 0.493 0.532 0.013 0.051
1 0.118 0.747 0.065 0.142
1 0.178 0.698 0.06 0.14
1 0.251 0.647 0.044 0.111
13 0.265 0.703 0.037 0.118
13 0.296 0.573 0.023 0.078
9 0.208 0.554 0.02 0.035
4 0.24 0.561 0.046 0.062
2 0.168 0.62 0.036 0.042
13 0.358 0.498 0.015 0.055
13 0.378 0.496 0.015 0.05
13 0.378 0.453 0.009 0.026
19 0.344 0.467 0.026 0.049
17 0.36 0.451 0.011 0.03
1 0.391 0.484 0.018 0.048
1 0.431 0.423 0.011 0.032
4 0.408 0.406 0.022 0.018
3 0.44 0.394 0.019 0.047
3 0.432 0.374 0.016 0.025
9 0.443 0.454 0.007 0.034
13 0.617 0.883 0.049 0.213
13 0.64 0.756 0.033 0.15
13 0.575 0.669 0.03 0.113
13 0.608 0.605 0.021 0.087
13 0.549 0.567 0.027 0.07
13 0.563 0.555 0.013 0.058
13 0.522 0.495 0.014 0.048
13 0.525 0.469 0.008 0.028
18 0.472 0.656 0.069 0.242
4 0.793 0.899 0.107 0.201
11 0.811 0.734 0.093 0.152
9 0.77 0.668 0.032 0.043
9 0.724 0.625 0.031 0.04
9 0.74 0.634 0.034 0.035
9 0.754 0.647 0.034 0.04
9 0.716 0.616 0.034 0.042
9 0.684 0.584 0.029 0.035
9 0.672 0.577 0.031 0.027
9 0.67 0.565 0.032 0.025
4 0.62 0.584 0.037 0.075
4 0.635 0.545 0.071 0.049
4 0.614 0.532 0.055 0.042
19 0.604 0.514 0.071 0.065
10 0.558 0.472 0.024 0.068
0 0.574 0.448 0.018 0.044
19 0.563 0.433 0.011 0.024
19 0.539 0.407 0.012 0.027
19 0.535 0.398 0.01 0.023
1 0.527 0.415 0.008 0.029
13 0.515 0.419 0.008 0.026
13 0.513 0.411 0.007 0.027
10 0.522 0.382 0.007 0.018
2 0.507 0.392 0.003 0.013
2 0.5 0.383 0.003 0.012
18 0.511 0.358 0.01 0.025
4 0.488 0.371 0.007 0.011
4 0.488 0.361 0.005 0.009
4 0.487 0.348 0.005 0.008
1 0.497 0.358 0.004 0.013
9 0.491 0.358 0.002 0.01
19 0.52 0.366 0.006 0.014
