4 0.193 0.975 0.081 0.049
4 0.227 0.925 0.07 0.102
4 0.263 0.869 0.053 0.084
4 0.311 0.798 0.039 0.066
4 0.323 0.766 0.033 0.057
13 0.334 0.912 0.034 0.109
13 0.375 0.707 0.014 0.055
13 0.398 0.676 0.013 0.041
13 0.359 0.635 0.008 0.032
1 0.37 0.647 0.015 0.033
1 0.383 0.636 0.01 0.032
1 0.404 0.621 0.01 0.027
1 0.382 0.601 0.009 0.024
9 0.434 0.669 0.007 0.019
13 0.396 0.606 0.007 0.026
4 0.471 0.643 0.018 0.026
1 0.482 0.659 0.017 0.036
1 0.532 0.664 0.021 0.043
13 0.556 0.71 0.01 0.052
13 0.597 0.713 0.015 0.057
10 0.591 0.835 0.065 0.189
4 0.632 0.746 0.035 0.065
1 0.644 0.702 0.02 0.045
18 0.611 0.621 0.033 0.044
2 0.627 0.678 0.007 0.026
13 0.7 0.916 0.041 0.134
13 0.767 0.931 0.034 0.117
1 0.697 0.843 0.043 0.093
4 0.836 0.91 0.105 0.089
4 0.795 0.846 0.099 0.063
19 0.77 0.807 0.094 0.091
9 0.668 0.771 0.013 0.045
9 0.673 0.726 0.008 0.025
3 0.665 0.618 0.04 0.089
