4 0.118 0.736 0.19 0.214
18 0.571 0.784 0.401 0.416
1 0.905 0.748 0.183 0.217
17 0.933 0.615 0.134 0.112
13 0.713 0.667 0.104 0.223
13 0.434 0.436 0.067 0.152
13 0.336 0.357 0.066 0.131
13 0.208 0.327 0.04 0.131
13 0.03 0.133 0.025 0.07
19 0.586 0.534 0.17 0.226
9 0.728 0.519 0.037 0.069
4 0.526 0.401 0.132 0.098
4 0.448 0.336 0.158 0.084
4 0.279 0.307 0.081 0.098
19 0.402 0.285 0.142 0.092
1 0.215 0.277 0.047 0.11
1 0.124 0.149 0.023 0.077
1 0.092 0.125 0.038 0.075
2 0.091 0.17 0.015 0.039
2 0.066 0.121 0.017 0.036
13 0.216 0.077 0.028 0.041
9 0.219 0.171 0.029 0.037
9 0.214 0.212 0.033 0.024
