1 0.221 0.93 0.063 0.126
1 0.205 0.777 0.037 0.072
1 0.178 0.716 0.019 0.046
1 0.177 0.67 0.017 0.03
1 0.065 0.681 0.015 0.031
13 0.308 0.92 0.052 0.112
13 0.287 0.853 0.039 0.082
13 0.194 0.725 0.023 0.036
9 0.121 0.754 0.016 0.045
9 0.565 0.913 0.074 0.039
9 0.543 0.899 0.072 0.035
9 0.514 0.89 0.064 0.041
9 0.501 0.874 0.067 0.046
9 0.444 0.832 0.061 0.046
8 0.329 0.84 0.061 0.077
4 0.37 0.8 0.127 0.045
4 0.334 0.787 0.101 0.044
19 0.319 0.767 0.128 0.065
10 0.247 0.723 0.047 0.072
0 0.288 0.7 0.033 0.045
1 0.192 0.695 0.02 0.024
13 0.198 0.675 0.016 0.025
19 0.15 0.646 0.018 0.023
4 0.169 0.637 0.014 0.015
4 0.158 0.625 0.013 0.012
19 0.241 0.659 0.021 0.025
4 0.107 0.653 0.016 0.02
4 0.016 0.66 0.01 0.021
3 0.005 0.674 0.01 0.06
9 0.096 0.627 0.007 0.014
18 0.172 0.59 0.011 0.017
13 0.191 0.651 0.013 0.021
10 0.218 0.633 0.015 0.016
18 0.208 0.61 0.018 0.019
11 0.609 0.962 0.134 0.077
