4 0.416 0.974 0.032 0.049
4 0.722 0.962 0.035 0.076
9 0.493 0.914 0.012 0.056
13 0.47 0.856 0.013 0.048
13 0.476 0.843 0.011 0.052
13 0.478 0.811 0.009 0.036
13 0.501 0.835 0.01 0.038
13 0.449 0.802 0.008 0.036
1 0.466 0.812 0.009 0.032
1 0.491 0.855 0.013 0.059
18 0.537 0.853 0.032 0.118
18 0.525 0.783 0.028 0.06
1 0.439 0.783 0.008 0.031
13 0.45 0.773 0.007 0.019
9 0.459 0.773 0.004 0.025
1 0.468 0.786 0.009 0.021
1 0.472 0.776 0.01 0.03
3 0.433 0.718 0.014 0.051
3 0.473 0.731 0.03 0.036
10 0.497 0.749 0.02 0.036
9 0.562 0.848 0.011 0.041
1 0.627 0.88 0.033 0.067
1 0.621 0.79 0.012 0.036
1 0.653 0.953 0.027 0.094
1 0.703 0.931 0.019 0.088
13 0.688 0.923 0.01 0.082
1 0.734 0.905 0.02 0.071
12 0.731 0.837 0.039 0.08
13 0.745 0.878 0.015 0.047
19 0.76 0.822 0.022 0.053
9 0.769 0.938 0.015 0.038
