1 0.161 0.963 0.131 0.065
1 0.293 0.963 0.146 0.064
1 0.309 0.925 0.139 0.064
2 0.137 0.936 0.068 0.036
2 0.333 0.882 0.075 0.029
9 0.401 0.881 0.069 0.049
9 0.429 0.872 0.051 0.045
9 0.433 0.811 0.041 0.04
13 0.485 0.887 0.063 0.082
4 0.496 0.822 0.103 0.065
9 0.59 0.872 0.029 0.05
9 0.531 0.786 0.029 0.025
2 0.537 0.765 0.044 0.024
1 0.638 0.865 0.071 0.095
4 0.692 0.774 0.067 0.05
19 0.734 0.724 0.035 0.05
13 0.797 0.724 0.013 0.045
18 0.891 0.759 0.076 0.082
3 0.881 0.675 0.067 0.071
1 0.974 0.68 0.015 0.034
4 0.921 0.659 0.012 0.02
3 0.965 0.631 0.032 0.032
