4 0.248 0.974 0.068 0.051
4 0.263 0.909 0.06 0.098
4 0.283 0.863 0.049 0.081
4 0.314 0.787 0.036 0.076
4 0.318 0.744 0.03 0.038
13 0.358 0.706 0.013 0.058
13 0.382 0.689 0.015 0.055
13 0.404 0.653 0.012 0.039
13 0.412 0.633 0.01 0.03
13 0.395 0.625 0.009 0.03
13 0.349 0.62 0.009 0.029
13 0.345 0.602 0.007 0.025
13 0.332 0.618 0.019 0.025
1 0.363 0.653 0.018 0.041
1 0.433 0.673 0.017 0.047
1 0.379 0.632 0.011 0.034
1 0.366 0.618 0.011 0.024
19 0.389 0.605 0.016 0.029
2 0.398 0.696 0.007 0.033
18 0.575 0.785 0.058 0.126
2 0.534 0.667 0.019 0.022
13 0.6 0.66 0.016 0.04
13 0.614 0.781 0.016 0.081
1 0.61 0.712 0.015 0.054
1 0.614 0.668 0.007 0.032
1 0.639 0.79 0.031 0.083
9 0.659 0.772 0.015 0.041
9 0.66 0.726 0.015 0.028
4 0.696 0.834 0.044 0.082
4 0.854 0.911 0.09 0.09
4 0.804 0.854 0.097 0.076
19 0.774 0.8 0.083 0.071
13 0.731 0.863 0.036 0.091
13 0.797 0.934 0.042 0.133
19 0.888 0.961 0.086 0.077
