1 0.07 0.425 0.049 0.165
9 0.12 0.349 0.028 0.123
2 0.041 0.161 0.014 0.069
19 0.031 0.134 0.047 0.074
13 0.098 0.206 0.051 0.077
13 0.09 0.159 0.029 0.066
13 0.352 0.327 0.024 0.122
18 0.338 0.204 0.078 0.118
10 0.398 0.17 0.025 0.081
1 0.379 0.425 0.051 0.185
13 0.378 0.129 0.016 0.056
1 0.381 0.27 0.027 0.115
1 0.405 0.3 0.033 0.102
9 0.465 0.293 0.025 0.057
4 0.53 0.499 0.074 0.163
13 0.59 0.549 0.058 0.166
19 0.654 0.441 0.147 0.161
4 0.708 0.515 0.165 0.127
4 0.799 0.638 0.152 0.171
13 0.705 0.682 0.075 0.248
1 0.624 0.776 0.109 0.332
1 0.822 0.883 0.16 0.234
19 0.896 0.826 0.205 0.344
