4 0.368 0.969 0.158 0.061
4 0.438 0.906 0.135 0.092
4 0.509 0.857 0.09 0.071
4 0.594 0.79 0.072 0.063
4 0.617 0.746 0.06 0.048
13 0.674 0.923 0.069 0.117
13 0.672 0.779 0.042 0.076
13 0.73 0.76 0.038 0.076
2 0.766 0.888 0.026 0.071
2 0.784 0.791 0.016 0.041
1 0.691 0.631 0.022 0.032
1 0.73 0.624 0.019 0.032
1 0.805 0.639 0.024 0.038
1 0.842 0.644 0.042 0.036
1 0.87 0.623 0.023 0.032
1 0.788 0.617 0.022 0.032
2 0.776 0.649 0.013 0.02
13 0.746 0.637 0.019 0.027
1 0.676 0.6 0.016 0.023
1 0.664 0.596 0.016 0.023
1 0.693 0.587 0.015 0.022
13 0.679 0.624 0.011 0.032
3 0.745 0.56 0.06 0.027
