4 0.363 0.734 0.447 0.531
4 0.734 0.738 0.532 0.523
13 0.84 0.452 0.196 0.181
17 0.616 0.422 0.056 0.151
17 0.232 0.325 0.062 0.047
10 0.111 0.259 0.054 0.08
17 0.116 0.298 0.027 0.04
4 0.156 0.453 0.156 0.225
4 0.282 0.412 0.118 0.149
4 0.434 0.5 0.246 0.248
4 0.512 0.437 0.168 0.158
10 0.384 0.334 0.087 0.1
13 0.42 0.352 0.051 0.087
19 0.727 0.465 0.089 0.121
13 0.318 0.321 0.039 0.036
13 0.27 0.325 0.029 0.06
4 0.155 0.328 0.057 0.066
3 0.076 0.269 0.037 0.06
3 0.147 0.271 0.026 0.049
4 0.107 0.375 0.072 0.103
17 0.972 0.615 0.057 0.342
3 0.015 0.262 0.029 0.043
