4 0.601 0.634 0.163 0.206
3 0.428 0.548 0.332 0.359
17 0.179 0.613 0.159 0.231
3 0.634 0.297 0.129 0.144
13 0.469 0.837 0.149 0.323
13 0.673 0.475 0.082 0.151
17 0.771 0.403 0.066 0.109
13 0.753 0.587 0.097 0.209
10 0.693 0.369 0.1 0.113
7 0.914 0.3 0.077 0.096
7 0.971 0.302 0.058 0.089
13 0.279 0.89 0.136 0.219
13 0.561 0.925 0.141 0.151
13 0.617 0.873 0.152 0.254
13 0.689 0.865 0.154 0.27
13 0.722 0.824 0.145 0.317
13 0.815 0.695 0.101 0.17
13 0.962 0.588 0.061 0.117
13 0.898 0.631 0.117 0.098
13 0.874 0.673 0.118 0.094
13 0.86 0.437 0.045 0.132
13 0.837 0.398 0.044 0.104
13 0.979 0.423 0.042 0.128
3 0.097 0.368 0.193 0.135
13 0.322 0.368 0.039 0.104
13 0.535 0.298 0.031 0.073
13 0.365 0.338 0.03 0.071
