17 0.719 0.34 0.038 0.087
17 0.584 0.294 0.033 0.074
17 0.557 0.249 0.028 0.066
17 0.393 0.331 0.049 0.08
13 0.375 0.38 0.036 0.094
3 0.137 0.557 0.205 0.381
3 0.094 0.44 0.188 0.31
3 0.486 0.26 0.103 0.131
3 0.447 0.223 0.077 0.12
3 0.577 0.172 0.034 0.082
3 0.564 0.108 0.021 0.049
3 0.497 0.176 0.083 0.065
4 0.624 0.253 0.03 0.05
4 0.623 0.207 0.028 0.039
16 0.746 0.258 0.034 0.065
6 0.807 0.194 0.029 0.057
3 0.7 0.186 0.041 0.093
13 0.979 0.36 0.036 0.093
13 0.911 0.563 0.059 0.162
13 0.867 0.46 0.04 0.122
13 0.973 0.577 0.054 0.168
20 0.968 0.494 0.064 0.117
13 0.784 0.273 0.026 0.072
13 0.829 0.275 0.028 0.069
