13 0.195 0.858 0.209 0.283
13 0.359 0.236 0.082 0.164
3 0.87 0.189 0.131 0.177
3 0.6 0.326 0.277 0.281
13 0.517 0.691 0.142 0.274
13 0.37 0.683 0.162 0.339
3 0.873 0.068 0.068 0.07
3 0.409 0.17 0.191 0.204
13 0.082 0.315 0.094 0.169
20 0.256 0.222 0.078 0.151
13 0.632 0.513 0.103 0.221
17 0.883 0.425 0.143 0.094
13 0.722 0.461 0.079 0.193
13 0.779 0.421 0.035 0.185
13 0.902 0.612 0.079 0.262
13 0.819 0.72 0.098 0.2
13 0.583 0.894 0.124 0.212
13 0.426 0.91 0.203 0.176
13 0.673 0.718 0.188 0.176
13 0.475 0.52 0.091 0.18
13 0.348 0.6 0.147 0.293
13 0.129 0.248 0.066 0.144
13 0.819 0.086 0.022 0.045
13 0.985 0.236 0.029 0.056
13 0.958 0.221 0.03 0.057
3 0.941 0.134 0.119 0.131
13 0.539 0.518 0.121 0.118
13 0.796 0.383 0.055 0.164
13 0.968 0.48 0.05 0.099
