8 0.387 0.334 0.229 0.377
2 0.222 0.379 0.091 0.119
2 0.663 0.35 0.05 0.254
13 0.843 0.418 0.205 0.363
2 0.966 0.377 0.068 0.255
13 0.261 0.203 0.035 0.091
10 0.207 0.202 0.093 0.187
17 0.033 0.191 0.042 0.075
13 0.539 0.221 0.037 0.102
13 0.483 0.235 0.045 0.129
13 0.898 0.29 0.078 0.16
13 0.765 0.263 0.061 0.128
8 0.069 0.177 0.036 0.093
3 0.275 0.155 0.069 0.104
3 0.148 0.139 0.031 0.058
13 0.798 0.229 0.059 0.103
13 0.572 0.214 0.026 0.096
17 0.609 0.218 0.055 0.105
13 0.007 0.18 0.013 0.069
13 0.967 0.214 0.044 0.065
