9 0.099 0.746 0.035 0.116
9 0.171 0.775 0.034 0.128
9 0.199 0.74 0.029 0.111
9 0.252 0.486 0.018 0.045
4 0.069 0.646 0.082 0.083
9 0.603 0.86 0.045 0.178
9 0.65 0.825 0.048 0.122
9 0.7 0.832 0.05 0.089
9 0.717 0.551 0.021 0.036
9 0.964 0.732 0.027 0.077
9 0.824 0.628 0.018 0.041
17 0.277 0.584 0.035 0.091
17 0.291 0.486 0.021 0.049
17 0.748 0.761 0.081 0.093
17 0.879 0.865 0.097 0.183
17 0.851 0.793 0.082 0.127
17 0.785 0.702 0.058 0.105
17 0.828 0.743 0.073 0.112
17 0.787 0.631 0.05 0.054
17 0.861 0.644 0.059 0.067
17 0.751 0.608 0.045 0.056
17 0.651 0.564 0.041 0.04
17 0.9 0.672 0.061 0.059
15 0.72 0.636 0.076 0.088
4 0.673 0.654 0.075 0.064
4 0.607 0.674 0.065 0.094
4 0.558 0.713 0.081 0.121
4 0.907 0.749 0.123 0.15
4 0.974 0.846 0.049 0.144
4 0.686 0.934 0.131 0.131
4 0.77 0.867 0.134 0.159
4 0.848 0.954 0.158 0.088
4 0.974 0.951 0.049 0.09
8 0.634 0.603 0.068 0.064
4 0.678 0.599 0.049 0.054
4 0.727 0.582 0.054 0.035
8 0.682 0.561 0.05 0.045
17 0.639 0.55 0.034 0.044
8 0.606 0.538 0.042 0.049
15 0.598 0.575 0.054 0.078
8 0.66 0.725 0.097 0.131
4 0.731 0.714 0.093 0.094
4 0.526 0.658 0.061 0.106
19 0.483 0.564 0.051 0.102
4 0.349 0.606 0.053 0.088
4 0.353 0.525 0.045 0.054
4 0.348 0.46 0.029 0.042
4 0.311 0.417 0.019 0.032
10 0.353 0.384 0.017 0.042
4 0.333 0.386 0.012 0.019
4 0.327 0.377 0.012 0.02
17 0.308 0.369 0.011 0.02
4 0.596 0.803 0.101 0.158
3 0.617 0.477 0.093 0.092
18 0.543 0.477 0.051 0.073
8 0.451 0.51 0.027 0.072
8 0.468 0.468 0.03 0.047
3 0.483 0.411 0.044 0.055
17 0.504 0.477 0.021 0.034
10 0.455 0.416 0.026 0.036
8 0.42 0.469 0.02 0.057
10 0.405 0.419 0.017 0.045
8 0.424 0.408 0.018 0.027
10 0.424 0.399 0.019 0.043
4 0.55 0.525 0.035 0.041
4 0.521 0.571 0.027 0.067
17 0.545 0.583 0.039 0.067
4 0.497 0.615 0.052 0.081
3 0.19 0.606 0.097 0.206
