4 0.647 0.788 0.219 0.216
17 0.461 0.535 0.048 0.12
9 0.417 0.437 0.027 0.068
9 0.215 0.707 0.056 0.155
9 0.149 0.553 0.06 0.093
9 0.034 0.872 0.063 0.143
9 0.463 0.396 0.02 0.066
4 0.61 0.423 0.045 0.077
4 0.671 0.431 0.044 0.083
4 0.827 0.465 0.059 0.092
4 0.817 0.341 0.036 0.049
4 0.83 0.361 0.027 0.049
17 0.498 0.345 0.024 0.052
4 0.62 0.384 0.041 0.063
10 0.625 0.333 0.037 0.075
17 0.658 0.356 0.024 0.054
19 0.691 0.351 0.039 0.085
15 0.727 0.436 0.049 0.103
15 0.341 0.387 0.046 0.055
11 0.406 0.341 0.079 0.102
15 0.872 0.433 0.064 0.099
13 0.97 0.505 0.054 0.124
4 0.792 0.418 0.048 0.085
15 0.739 0.392 0.047 0.071
4 0.789 0.37 0.042 0.04
19 0.772 0.308 0.029 0.056
19 0.732 0.333 0.034 0.074
6 0.687 0.27 0.019 0.042
3 0.746 0.183 0.02 0.026
19 0.753 0.273 0.023 0.045
19 0.691 0.239 0.016 0.022
19 0.696 0.257 0.019 0.033
10 0.684 0.215 0.014 0.019
8 0.657 0.267 0.022 0.037
4 0.652 0.308 0.02 0.03
4 0.654 0.293 0.022 0.026
19 0.716 0.226 0.017 0.019
10 0.726 0.283 0.028 0.062
17 0.706 0.289 0.014 0.044
3 0.749 0.22 0.025 0.046
3 0.77 0.207 0.023 0.043
0 0.802 0.267 0.03 0.043
8 0.815 0.283 0.022 0.023
4 0.8 0.304 0.025 0.044
19 0.698 0.224 0.013 0.017
8 0.669 0.249 0.017 0.023
8 0.678 0.23 0.017 0.023
8 0.724 0.22 0.012 0.018
17 0.843 0.313 0.023 0.039
17 0.859 0.325 0.027 0.026
13 0.609 0.226 0.007 0.019
4 0.656 0.194 0.008 0.02
19 0.863 0.364 0.043 0.062
17 0.775 0.341 0.024 0.036
8 0.74 0.345 0.04 0.044
