15 0.448 0.462 0.059 0.122
13 0.741 0.444 0.065 0.106
13 0.809 0.453 0.055 0.106
13 0.853 0.457 0.04 0.102
13 0.889 0.47 0.023 0.059
9 0.076 0.524 0.04 0.104
4 0.141 0.436 0.062 0.091
9 0.053 0.446 0.028 0.091
9 0.195 0.326 0.02 0.056
9 0.162 0.335 0.023 0.06
17 0.225 0.319 0.017 0.063
17 0.287 0.238 0.017 0.036
17 0.375 0.322 0.024 0.057
17 0.419 0.253 0.014 0.039
17 0.483 0.313 0.024 0.053
17 0.539 0.281 0.02 0.042
17 0.553 0.288 0.023 0.023
4 0.323 0.412 0.051 0.081
4 0.385 0.421 0.052 0.089
4 0.533 0.425 0.057 0.088
15 0.568 0.384 0.053 0.081
15 0.452 0.376 0.047 0.074
4 0.388 0.358 0.042 0.058
19 0.408 0.311 0.038 0.079
10 0.342 0.295 0.035 0.075
4 0.34 0.35 0.043 0.064
4 0.501 0.373 0.045 0.07
4 0.531 0.323 0.022 0.047
4 0.518 0.303 0.03 0.047
19 0.453 0.319 0.036 0.063
19 0.442 0.295 0.03 0.067
8 0.403 0.272 0.03 0.055
4 0.369 0.274 0.02 0.037
19 0.479 0.274 0.029 0.062
10 0.485 0.29 0.028 0.04
4 0.495 0.335 0.039 0.047
17 0.52 0.273 0.026 0.037
4 0.503 0.27 0.02 0.038
0 0.504 0.235 0.025 0.039
19 0.461 0.237 0.023 0.042
10 0.436 0.25 0.024 0.064
8 0.516 0.247 0.021 0.019
3 0.456 0.185 0.022 0.048
3 0.473 0.177 0.021 0.041
3 0.452 0.155 0.018 0.036
19 0.476 0.198 0.014 0.027
6 0.399 0.23 0.019 0.034
4 0.366 0.25 0.022 0.018
8 0.37 0.23 0.026 0.036
19 0.388 0.195 0.02 0.025
10 0.394 0.175 0.015 0.014
19 0.409 0.189 0.013 0.019
8 0.403 0.203 0.015 0.023
19 0.409 0.224 0.02 0.038
4 0.433 0.186 0.011 0.019
3 0.426 0.15 0.014 0.021
15 0.476 0.23 0.014 0.022
4 0.277 0.225 0.028 0.029
14 0.335 0.182 0.007 0.02
13 0.326 0.179 0.007 0.019
11 0.088 0.306 0.096 0.115
