4 0.645 0.888 0.14 0.223
4 0.652 0.518 0.092 0.118
4 0.896 0.608 0.189 0.119
4 0.061 0.665 0.119 0.14
10 0.151 0.501 0.094 0.111
4 0.201 0.421 0.054 0.055
9 0.218 0.45 0.022 0.071
15 0.11 0.474 0.066 0.087
4 0.105 0.451 0.064 0.07
4 0.031 0.601 0.061 0.078
11 0.087 0.389 0.095 0.113
4 0.025 0.519 0.048 0.085
9 0.112 0.869 0.081 0.193
15 0.217 0.877 0.144 0.246
9 0.041 0.948 0.072 0.1
17 0.317 0.683 0.064 0.174
19 0.387 0.83 0.123 0.332
17 0.509 0.818 0.085 0.234
17 0.567 0.706 0.073 0.179
17 0.484 0.682 0.06 0.148
17 0.441 0.634 0.051 0.157
17 0.377 0.603 0.05 0.14
17 0.476 0.558 0.039 0.104
4 0.588 0.45 0.047 0.091
3 0.527 0.45 0.09 0.2
8 0.455 0.481 0.048 0.119
19 0.322 0.504 0.063 0.142
8 0.4 0.518 0.055 0.129
19 0.385 0.469 0.053 0.132
4 0.389 0.406 0.036 0.069
19 0.438 0.425 0.041 0.094
4 0.457 0.359 0.03 0.051
4 0.424 0.37 0.032 0.048
4 0.42 0.343 0.026 0.033
15 0.388 0.359 0.034 0.056
10 0.35 0.363 0.029 0.081
4 0.332 0.428 0.045 0.048
4 0.388 0.321 0.024 0.038
4 0.38 0.29 0.019 0.027
19 0.403 0.297 0.018 0.038
8 0.442 0.303 0.026 0.04
8 0.455 0.332 0.028 0.048
8 0.458 0.293 0.021 0.032
19 0.471 0.277 0.017 0.031
4 0.489 0.306 0.017 0.033
3 0.505 0.334 0.044 0.046
3 0.511 0.323 0.046 0.066
3 0.449 0.252 0.021 0.068
3 0.471 0.253 0.019 0.041
8 0.428 0.289 0.019 0.034
19 0.406 0.273 0.016 0.02
4 0.421 0.268 0.011 0.022
8 0.442 0.302 0.025 0.038
8 0.387 0.275 0.018 0.027
17 0.202 0.362 0.03 0.054
4 0.26 0.377 0.036 0.046
17 0.27 0.329 0.022 0.038
13 0.75 0.516 0.062 0.115
13 0.826 0.522 0.078 0.108
13 0.869 0.516 0.026 0.078
15 0.018 0.444 0.034 0.061
9 0.21 0.313 0.016 0.036
17 0.256 0.324 0.018 0.042
17 0.286 0.314 0.018 0.034
8 0.297 0.331 0.028 0.039
15 0.303 0.297 0.022 0.032
4 0.322 0.287 0.018 0.024
17 0.333 0.267 0.01 0.022
8 0.364 0.257 0.012 0.019
4 0.349 0.261 0.013 0.02
4 0.364 0.341 0.02 0.041
19 0.395 0.256 0.014 0.013
8 0.434 0.261 0.011 0.017
9 0.141 0.407 0.022 0.058
