10 0.373 0.298 0.034 0.089
4 0.299 0.332 0.029 0.044
17 0.104 0.494 0.064 0.096
4 0.189 0.368 0.045 0.044
3 0.053 0.894 0.1 0.201
17 0.117 0.432 0.047 0.04
17 0.736 0.646 0.083 0.159
17 0.683 0.47 0.053 0.094
17 0.667 0.438 0.047 0.078
17 0.63 0.34 0.031 0.031
17 0.666 0.344 0.031 0.041
17 0.629 0.38 0.032 0.046
8 0.642 0.648 0.135 0.239
8 0.555 0.402 0.056 0.073
15 0.539 0.331 0.039 0.038
4 0.572 0.553 0.077 0.13
9 0.519 0.488 0.027 0.103
4 0.744 0.876 0.152 0.241
4 0.784 0.75 0.072 0.156
4 0.771 0.566 0.099 0.144
4 0.667 0.562 0.092 0.114
4 0.756 0.459 0.067 0.085
15 0.794 0.501 0.053 0.085
15 0.799 0.422 0.043 0.062
4 0.698 0.406 0.068 0.076
4 0.515 0.452 0.058 0.091
4 0.491 0.405 0.049 0.07
4 0.475 0.373 0.035 0.066
15 0.539 0.333 0.039 0.04
15 0.59 0.347 0.043 0.05
17 0.592 0.317 0.026 0.029
17 0.63 0.32 0.024 0.014
17 0.549 0.306 0.023 0.02
15 0.517 0.311 0.032 0.034
17 0.486 0.323 0.021 0.038
19 0.447 0.316 0.032 0.063
3 0.5 0.248 0.044 0.048
15 0.521 0.292 0.025 0.027
10 0.482 0.257 0.028 0.033
4 0.348 0.262 0.019 0.029
8 0.425 0.279 0.022 0.042
19 0.436 0.254 0.019 0.032
4 0.474 0.315 0.022 0.034
4 0.5 0.348 0.036 0.046
4 0.524 0.37 0.036 0.05
4 0.561 0.362 0.046 0.038
4 0.578 0.304 0.029 0.021
3 0.444 0.212 0.025 0.031
17 0.028 0.599 0.054 0.087
8 0.924 0.511 0.135 0.145
8 0.905 0.685 0.186 0.244
15 0.87 0.826 0.229 0.3
9 0.31 0.219 0.007 0.019
17 0.319 0.209 0.008 0.017
17 0.332 0.208 0.007 0.016
