12 0.058 0.87 0.111 0.139
13 0.097 0.891 0.07 0.131
13 0.277 0.867 0.076 0.177
10 0.048 0.595 0.064 0.081
13 0.092 0.744 0.069 0.11
13 0.032 0.667 0.043 0.108
13 0.039 0.772 0.069 0.103
13 0.149 0.812 0.053 0.164
4 0.272 0.757 0.126 0.117
4 0.048 0.542 0.051 0.044
4 0.21 0.587 0.073 0.082
4 0.6 0.869 0.185 0.197
4 0.807 0.667 0.072 0.136
4 0.763 0.485 0.046 0.069
11 0.839 0.444 0.09 0.128
13 0.964 0.888 0.067 0.214
17 0.938 0.702 0.085 0.156
13 0.792 0.791 0.133 0.178
13 0.678 0.662 0.083 0.158
3 0.465 0.635 0.253 0.256
8 0.429 0.869 0.192 0.236
