4 0.211 0.704 0.092 0.154
4 0.337 0.716 0.092 0.172
15 0.446 0.719 0.09 0.185
4 0.629 0.775 0.113 0.173
15 0.715 0.713 0.109 0.168
19 0.692 0.604 0.073 0.146
4 0.633 0.58 0.046 0.096
19 0.379 0.546 0.06 0.144
8 0.472 0.65 0.078 0.156
4 0.236 0.626 0.082 0.131
10 0.246 0.509 0.069 0.14
10 0.3 0.47 0.043 0.08
17 0.31 0.569 0.044 0.106
10 0.44 0.425 0.05 0.132
8 0.452 0.52 0.055 0.118
8 0.472 0.556 0.073 0.115
17 0.534 0.554 0.045 0.099
4 0.57 0.68 0.087 0.147
17 0.683 0.513 0.048 0.045
17 0.657 0.487 0.041 0.058
17 0.615 0.478 0.046 0.068
19 0.528 0.482 0.063 0.116
10 0.54 0.512 0.05 0.072
4 0.563 0.602 0.082 0.093
4 0.608 0.538 0.067 0.089
15 0.579 0.474 0.039 0.084
19 0.492 0.403 0.043 0.082
17 0.404 0.424 0.025 0.067
8 0.373 0.467 0.057 0.106
6 0.364 0.39 0.039 0.069
19 0.383 0.373 0.036 0.07
8 0.307 0.384 0.043 0.071
4 0.299 0.431 0.045 0.033
4 0.297 0.431 0.041 0.034
4 0.324 0.371 0.033 0.056
8 0.33 0.354 0.033 0.047
19 0.348 0.317 0.032 0.043
4 0.089 0.472 0.069 0.081
19 0.42 0.318 0.03 0.046
3 0.482 0.303 0.047 0.088
3 0.474 0.258 0.037 0.101
3 0.518 0.285 0.039 0.081
0 0.581 0.398 0.05 0.069
4 0.578 0.473 0.048 0.077
15 0.603 0.428 0.042 0.033
8 0.546 0.365 0.034 0.036
4 0.504 0.359 0.037 0.024
19 0.523 0.322 0.026 0.046
15 0.527 0.342 0.028 0.032
4 0.235 0.335 0.028 0.029
3 0.422 0.235 0.027 0.044
19 0.43 0.303 0.028 0.035
10 0.357 0.286 0.024 0.036
10 0.394 0.272 0.025 0.035
19 0.385 0.313 0.026 0.045
8 0.423 0.275 0.024 0.031
3 0.378 0.227 0.024 0.044
4 0.014 0.622 0.025 0.101
9 0.147 0.349 0.014 0.058
