19 0.213 0.837 0.114 0.301
4 0.441 0.831 0.199 0.183
4 0.768 0.727 0.182 0.132
4 0.705 0.937 0.267 0.116
11 0.113 0.429 0.096 0.111
13 0.158 0.68 0.097 0.132
13 0.226 0.647 0.085 0.122
13 0.267 0.628 0.087 0.109
13 0.137 0.572 0.042 0.105
13 0.874 0.613 0.086 0.114
13 0.301 0.78 0.066 0.143
17 0.081 0.575 0.057 0.114
4 0.03 0.483 0.052 0.051
15 0.588 0.522 0.055 0.083
19 0.577 0.471 0.034 0.075
4 0.549 0.554 0.055 0.081
15 0.461 0.521 0.044 0.084
4 0.402 0.527 0.048 0.082
4 0.347 0.517 0.045 0.081
4 0.359 0.477 0.04 0.06
4 0.405 0.475 0.036 0.052
10 0.363 0.424 0.034 0.068
17 0.396 0.453 0.023 0.056
19 0.427 0.444 0.036 0.08
6 0.421 0.363 0.019 0.032
8 0.424 0.401 0.032 0.048
15 0.472 0.489 0.041 0.072
4 0.519 0.506 0.042 0.071
4 0.537 0.441 0.03 0.052
4 0.515 0.47 0.035 0.049
8 0.472 0.447 0.036 0.057
19 0.463 0.429 0.03 0.064
17 0.572 0.426 0.021 0.02
17 0.541 0.404 0.023 0.026
17 0.56 0.415 0.019 0.036
19 0.482 0.371 0.021 0.036
10 0.458 0.378 0.023 0.051
19 0.498 0.41 0.026 0.057
17 0.502 0.448 0.021 0.049
0 0.524 0.369 0.024 0.033
3 0.478 0.323 0.022 0.045
3 0.495 0.312 0.018 0.038
19 0.429 0.358 0.017 0.036
4 0.243 0.381 0.028 0.041
8 0.302 0.354 0.027 0.033
17 0.355 0.334 0.012 0.027
8 0.386 0.3 0.009 0.021
4 0.389 0.407 0.02 0.038
4 0.389 0.385 0.02 0.018
8 0.391 0.36 0.022 0.029
8 0.424 0.339 0.015 0.023
19 0.412 0.327 0.014 0.019
4 0.404 0.346 0.016 0.02
17 0.44 0.383 0.013 0.032
4 0.454 0.322 0.01 0.013
19 0.43 0.326 0.011 0.019
18 0.454 0.35 0.021 0.014
10 0.417 0.312 0.011 0.018
