17 0.358 0.927 0.076 0.142
17 0.804 0.879 0.091 0.17
17 0.746 0.696 0.056 0.107
17 0.728 0.653 0.047 0.081
17 0.714 0.62 0.045 0.068
17 0.686 0.596 0.036 0.063
17 0.687 0.553 0.034 0.026
17 0.757 0.575 0.037 0.032
17 0.377 0.655 0.036 0.084
17 0.178 0.677 0.05 0.074
17 0.183 0.63 0.043 0.03
4 0.254 0.576 0.044 0.045
3 0.185 0.839 0.182 0.319
4 0.472 0.738 0.064 0.112
4 0.391 0.515 0.024 0.033
4 0.404 0.435 0.011 0.021
4 0.407 0.411 0.007 0.013
4 0.424 0.415 0.008 0.009
15 0.943 0.886 0.111 0.199
4 0.892 0.738 0.109 0.116
4 0.844 0.794 0.113 0.155
4 0.822 0.678 0.07 0.088
4 0.678 0.699 0.084 0.097
4 0.633 0.77 0.082 0.143
8 0.707 0.844 0.141 0.196
4 0.728 0.788 0.097 0.131
4 0.898 0.954 0.151 0.085
8 0.964 0.724 0.068 0.108
15 0.89 0.665 0.098 0.11
4 0.762 0.625 0.072 0.089
4 0.714 0.577 0.041 0.027
9 0.573 0.695 0.032 0.1
9 0.604 0.691 0.023 0.096
9 0.622 0.663 0.015 0.068
9 0.633 0.674 0.019 0.052
17 0.664 0.63 0.051 0.049
8 0.61 0.614 0.057 0.079
17 0.731 0.561 0.037 0.039
17 0.689 0.556 0.036 0.037
4 0.573 0.661 0.063 0.093
4 0.655 0.602 0.056 0.044
4 0.549 0.61 0.049 0.071
4 0.579 0.585 0.041 0.055
4 0.555 0.554 0.037 0.044
4 0.532 0.578 0.04 0.061
4 0.646 0.558 0.046 0.054
4 0.594 0.542 0.04 0.037
4 0.65 0.527 0.033 0.022
17 0.605 0.518 0.023 0.022
15 0.573 0.521 0.031 0.039
17 0.542 0.529 0.022 0.036
19 0.505 0.525 0.034 0.062
3 0.57 0.463 0.055 0.051
4 0.62 0.513 0.027 0.034
4 0.577 0.501 0.026 0.026
4 0.544 0.497 0.023 0.026
4 0.621 0.539 0.028 0.03
4 0.552 0.515 0.022 0.03
10 0.537 0.47 0.027 0.036
17 0.665 0.541 0.027 0.034
17 0.598 0.51 0.02 0.026
9 0.479 0.883 0.039 0.144
10 0.423 0.439 0.017 0.04
4 0.513 0.554 0.033 0.048
8 0.481 0.49 0.019 0.044
19 0.493 0.464 0.019 0.032
3 0.501 0.424 0.023 0.03
17 0.514 0.469 0.014 0.022
15 0.464 0.466 0.009 0.036
10 0.455 0.428 0.012 0.019
4 0.459 0.452 0.015 0.025
10 0.485 0.433 0.016 0.024
17 0.076 0.811 0.079 0.132
