8 0.393 0.831 0.209 0.213
9 0.343 0.947 0.155 0.106
4 0.715 0.872 0.203 0.224
8 0.822 0.884 0.238 0.232
15 0.932 0.71 0.133 0.182
10 0.472 0.677 0.129 0.149
13 0.604 0.568 0.065 0.108
15 0.572 0.452 0.08 0.076
8 0.701 0.455 0.069 0.059
14 0.722 0.525 0.04 0.056
2 0.79 0.601 0.057 0.094
2 0.886 0.601 0.055 0.098
4 0.133 0.599 0.072 0.106
4 0.171 0.547 0.066 0.085
19 0.155 0.496 0.049 0.085
15 0.024 0.586 0.046 0.113
4 0.089 0.556 0.056 0.087
4 0.079 0.509 0.05 0.06
4 0.099 0.463 0.036 0.049
8 0.046 0.435 0.045 0.064
17 0.186 0.492 0.038 0.07
4 0.09 0.552 0.057 0.081
4 0.028 0.538 0.052 0.072
19 0.022 0.406 0.035 0.051
0 0.075 0.399 0.036 0.054
17 0.126 0.442 0.031 0.038
