17 0.076 0.651 0.061 0.107
4 0.029 0.565 0.056 0.045
11 0.106 0.508 0.098 0.113
13 0.446 0.716 0.092 0.13
13 0.6 0.796 0.107 0.152
13 0.61 0.747 0.093 0.107
13 0.479 0.644 0.071 0.105
13 0.567 0.677 0.158 0.105
13 0.805 0.781 0.116 0.142
13 0.858 0.745 0.104 0.14
13 0.798 0.615 0.08 0.099
13 0.873 0.622 0.04 0.09
13 0.902 0.671 0.042 0.113
4 0.342 0.576 0.047 0.076
4 0.401 0.576 0.044 0.077
4 0.511 0.549 0.042 0.069
4 0.542 0.597 0.058 0.085
15 0.578 0.564 0.057 0.08
15 0.453 0.569 0.046 0.082
15 0.464 0.536 0.043 0.067
15 0.398 0.532 0.043 0.054
17 0.387 0.51 0.019 0.06
19 0.42 0.497 0.036 0.073
8 0.464 0.504 0.039 0.067
10 0.447 0.432 0.022 0.051
8 0.416 0.456 0.031 0.047
4 0.528 0.486 0.03 0.045
17 0.494 0.492 0.02 0.043
17 0.55 0.46 0.018 0.032
17 0.562 0.469 0.022 0.025
17 0.53 0.452 0.023 0.027
17 0.43 0.437 0.015 0.032
3 0.466 0.375 0.023 0.042
3 0.484 0.367 0.018 0.036
3 0.462 0.346 0.019 0.031
6 0.411 0.42 0.017 0.03
4 0.351 0.537 0.041 0.061
10 0.355 0.484 0.035 0.073
10 0.407 0.372 0.011 0.018
8 0.382 0.423 0.018 0.032
4 0.382 0.462 0.02 0.033
8 0.415 0.395 0.015 0.02
18 0.443 0.403 0.019 0.011
0 0.512 0.418 0.027 0.032
4 0.544 0.501 0.029 0.044
19 0.489 0.46 0.029 0.057
19 0.472 0.424 0.023 0.044
19 0.454 0.481 0.03 0.069
19 0.486 0.417 0.014 0.022
19 0.421 0.381 0.011 0.017
19 0.437 0.382 0.013 0.018
13 0.318 0.392 0.01 0.027
4 0.372 0.367 0.01 0.015
3 0.436 0.347 0.012 0.021
3 0.416 0.344 0.01 0.02
8 0.439 0.364 0.01 0.016
