13 0.455 0.609 0.171 0.31
4 0.799 0.552 0.147 0.132
3 0.959 0.496 0.078 0.257
9 0.628 0.531 0.072 0.113
4 0.182 0.485 0.055 0.066
13 0.227 0.491 0.029 0.086
13 0.273 0.484 0.032 0.088
17 0.308 0.469 0.031 0.056
3 0.252 0.438 0.042 0.095
3 0.213 0.435 0.033 0.074
13 0.132 0.48 0.034 0.083
4 0.176 0.437 0.018 0.019
13 0.017 0.496 0.032 0.086
17 0.522 0.49 0.038 0.078
13 0.379 0.481 0.047 0.138
13 0.441 0.494 0.06 0.146
3 0.45 0.444 0.08 0.068
4 0.586 0.509 0.091 0.079
13 0.69 0.523 0.072 0.113
3 0.741 0.466 0.139 0.092
13 0.838 0.496 0.079 0.076
13 0.888 0.5 0.038 0.082
