17 0.09 0.852 0.13 0.169
17 0.809 0.91 0.141 0.161
11 0.135 0.507 0.091 0.107
15 0.057 0.561 0.054 0.06
13 0.547 0.808 0.095 0.149
13 0.446 0.774 0.094 0.135
13 0.296 0.791 0.106 0.131
13 0.15 0.732 0.099 0.115
13 0.245 0.7 0.09 0.116
13 0.356 0.729 0.161 0.117
13 0.681 0.699 0.067 0.101
13 0.902 0.719 0.055 0.1
13 0.937 0.842 0.052 0.146
4 0.364 0.6 0.043 0.076
4 0.423 0.607 0.048 0.076
15 0.473 0.608 0.044 0.087
4 0.561 0.644 0.055 0.091
15 0.599 0.615 0.053 0.083
19 0.591 0.56 0.035 0.071
4 0.534 0.595 0.041 0.069
17 0.517 0.537 0.021 0.055
8 0.485 0.573 0.038 0.067
19 0.442 0.532 0.035 0.08
4 0.373 0.562 0.04 0.06
10 0.379 0.509 0.034 0.068
6 0.438 0.457 0.019 0.043
8 0.478 0.517 0.028 0.066
8 0.486 0.537 0.037 0.056
4 0.529 0.558 0.035 0.048
4 0.551 0.529 0.029 0.047
19 0.514 0.496 0.03 0.054
10 0.472 0.472 0.022 0.059
19 0.443 0.531 0.035 0.077
8 0.441 0.486 0.029 0.04
19 0.498 0.461 0.022 0.039
0 0.539 0.463 0.024 0.038
17 0.574 0.507 0.02 0.037
17 0.588 0.517 0.025 0.024
17 0.555 0.498 0.022 0.031
19 0.538 0.497 0.02 0.038
3 0.493 0.413 0.02 0.038
3 0.511 0.406 0.018 0.037
3 0.49 0.381 0.015 0.028
3 0.465 0.382 0.014 0.022
4 0.407 0.491 0.019 0.034
4 0.405 0.47 0.017 0.016
4 0.406 0.46 0.02 0.013
8 0.41 0.45 0.02 0.033
8 0.441 0.427 0.016 0.021
19 0.429 0.415 0.013 0.016
10 0.434 0.404 0.013 0.018
19 0.447 0.414 0.011 0.017
19 0.464 0.419 0.012 0.019
18 0.469 0.437 0.019 0.012
8 0.421 0.434 0.016 0.019
15 0.384 0.413 0.011 0.017
13 0.313 0.431 0.013 0.03
