15 0.89 0.916 0.187 0.169
4 0.645 0.897 0.156 0.206
4 0.71 0.684 0.103 0.193
17 0.841 0.628 0.093 0.087
17 0.793 0.6 0.08 0.147
17 0.722 0.56 0.08 0.125
17 0.582 0.698 0.079 0.176
17 0.358 0.479 0.056 0.142
17 0.195 0.719 0.082 0.196
17 0.376 0.356 0.041 0.087
17 0.152 0.196 0.027 0.066
4 0.049 0.91 0.094 0.18
4 0.241 0.92 0.16 0.159
15 0.427 0.907 0.159 0.181
8 0.467 0.85 0.157 0.253
8 0.472 0.703 0.137 0.205
8 0.441 0.631 0.116 0.207
19 0.311 0.686 0.135 0.269
8 0.304 0.553 0.11 0.209
6 0.289 0.41 0.077 0.131
0 0.665 0.433 0.085 0.147
19 0.567 0.55 0.098 0.181
19 0.511 0.43 0.083 0.142
3 0.495 0.263 0.074 0.147
3 0.56 0.219 0.073 0.146
3 0.482 0.159 0.066 0.144
19 0.384 0.273 0.046 0.073
19 0.321 0.381 0.062 0.138
19 0.326 0.273 0.042 0.081
19 0.304 0.31 0.056 0.08
18 0.408 0.372 0.072 0.105
10 0.421 0.453 0.089 0.181
10 0.274 0.228 0.043 0.078
15 0.229 0.337 0.054 0.077
19 0.194 0.4 0.065 0.134
4 0.22 0.37 0.058 0.096
4 0.179 0.552 0.071 0.131
4 0.176 0.492 0.085 0.096
4 0.176 0.447 0.084 0.073
10 0.076 0.616 0.12 0.256
4 0.067 0.817 0.132 0.229
19 0.86 0.787 0.141 0.252
4 0.76 0.744 0.084 0.18
15 0.66 0.555 0.07 0.142
19 0.34 0.194 0.032 0.034
8 0.404 0.207 0.038 0.031
3 0.39 0.135 0.047 0.071
3 0.315 0.117 0.043 0.078
19 0.303 0.19 0.037 0.052
4 0.355 0.16 0.027 0.029
3 0.441 0.164 0.02 0.063
9 0.065 0.24 0.02 0.064
9 0.059 0.319 0.051 0.078
4 0.179 0.206 0.041 0.044
8 0.217 0.097 0.019 0.041
17 0.186 0.101 0.017 0.031
3 0.397 0.054 0.032 0.046
3 0.359 0.078 0.033 0.045
3 0.369 0.086 0.036 0.031
3 0.403 0.085 0.032 0.025
3 0.306 0.058 0.027 0.033
