17 0.238 0.787 0.07 0.169
17 0.955 0.866 0.083 0.181
17 0.934 0.801 0.101 0.151
17 0.857 0.701 0.071 0.132
17 0.905 0.74 0.091 0.123
17 0.855 0.608 0.065 0.066
17 0.946 0.623 0.074 0.066
17 0.815 0.583 0.054 0.07
17 0.264 0.548 0.038 0.091
9 0.227 0.626 0.033 0.098
3 0.071 0.81 0.14 0.376
4 0.356 0.546 0.056 0.083
4 0.279 0.418 0.029 0.049
4 0.255 0.945 0.126 0.11
4 0.395 0.846 0.116 0.179
10 0.333 0.343 0.025 0.064
4 0.309 0.339 0.018 0.029
4 0.304 0.32 0.016 0.023
18 0.291 0.291 0.017 0.012
17 0.28 0.307 0.013 0.023
17 0.291 0.307 0.01 0.02
4 0.331 0.302 0.013 0.013
10 0.346 0.312 0.017 0.031
4 0.316 0.309 0.011 0.023
4 0.838 0.885 0.166 0.172
4 0.744 0.941 0.154 0.099
4 0.915 0.966 0.153 0.049
8 0.707 0.728 0.115 0.167
9 0.634 0.882 0.057 0.196
9 0.694 0.847 0.058 0.132
9 0.749 0.85 0.041 0.105
9 0.728 0.827 0.045 0.145
4 0.588 0.724 0.106 0.144
4 0.964 0.723 0.068 0.127
15 0.778 0.616 0.095 0.106
15 0.674 0.589 0.085 0.093
17 0.568 0.556 0.044 0.067
3 0.637 0.424 0.113 0.104
10 0.559 0.431 0.054 0.068
4 0.548 0.655 0.073 0.127
4 0.511 0.603 0.071 0.098
4 0.595 0.608 0.074 0.098
17 0.687 0.532 0.057 0.04
19 0.491 0.538 0.066 0.125
19 0.473 0.425 0.037 0.058
19 0.448 0.48 0.047 0.089
8 0.416 0.427 0.021 0.072
8 0.406 0.402 0.028 0.049
3 0.489 0.351 0.049 0.066
10 0.459 0.362 0.032 0.044
17 0.517 0.435 0.027 0.044
18 0.522 0.393 0.049 0.046
3 0.566 0.389 0.041 0.046
10 0.397 0.359 0.028 0.052
15 0.422 0.353 0.019 0.042
3 0.422 0.3 0.019 0.025
4 0.391 0.325 0.014 0.015
4 0.389 0.301 0.014 0.016
10 0.379 0.321 0.017 0.038
17 0.811 0.756 0.092 0.099
4 0.791 0.704 0.118 0.093
4 0.719 0.635 0.087 0.061
4 0.788 0.556 0.067 0.05
8 0.638 0.504 0.052 0.056
8 0.576 0.494 0.051 0.051
4 0.547 0.548 0.049 0.076
9 0.716 0.479 0.02 0.04
15 0.735 0.528 0.058 0.057
