17 0.069 0.746 0.073 0.142
17 0.237 0.728 0.061 0.125
17 0.249 0.65 0.043 0.084
17 0.288 0.572 0.031 0.072
17 0.113 0.641 0.062 0.094
17 0.171 0.679 0.059 0.106
4 0.403 0.6 0.046 0.079
4 0.461 0.605 0.046 0.085
15 0.511 0.598 0.045 0.091
19 0.476 0.522 0.035 0.071
4 0.456 0.562 0.036 0.064
4 0.41 0.563 0.04 0.069
10 0.412 0.508 0.036 0.07
6 0.465 0.448 0.017 0.039
10 0.501 0.462 0.024 0.059
19 0.525 0.448 0.022 0.037
19 0.624 0.546 0.038 0.082
15 0.639 0.594 0.058 0.082
4 0.601 0.625 0.056 0.081
4 0.568 0.582 0.045 0.073
8 0.52 0.524 0.04 0.055
4 0.521 0.566 0.04 0.071
4 0.563 0.544 0.035 0.046
18 0.395 0.919 0.354 0.163
13 0.629 0.932 0.104 0.107
17 0.283 0.536 0.031 0.056
3 0.193 0.566 0.108 0.128
15 0.213 0.617 0.091 0.091
17 0.654 0.539 0.029 0.066
17 0.616 0.497 0.024 0.025
17 0.603 0.486 0.021 0.031
17 0.584 0.475 0.027 0.023
4 0.581 0.507 0.03 0.042
0 0.563 0.445 0.024 0.041
4 0.438 0.488 0.021 0.04
11 0.176 0.517 0.09 0.096
4 0.436 0.488 0.023 0.04
8 0.438 0.448 0.022 0.034
8 0.435 0.465 0.023 0.018
19 0.473 0.439 0.02 0.037
17 0.485 0.465 0.016 0.037
19 0.543 0.484 0.027 0.059
3 0.517 0.4 0.023 0.044
19 0.488 0.409 0.016 0.027
19 0.473 0.406 0.011 0.019
19 0.455 0.409 0.015 0.017
4 0.446 0.427 0.016 0.017
3 0.533 0.385 0.018 0.03
3 0.512 0.383 0.019 0.053
3 0.309 0.471 0.055 0.063
17 0.302 0.509 0.023 0.045
4 0.332 0.54 0.041 0.06
4 0.353 0.481 0.034 0.044
8 0.402 0.407 0.018 0.022
8 0.375 0.431 0.02 0.026
10 0.458 0.395 0.013 0.016
8 0.475 0.39 0.01 0.019
19 0.489 0.389 0.01 0.019
4 0.422 0.401 0.015 0.021
17 0.089 0.587 0.052 0.082
