4 0.29 0.613 0.085 0.18
4 0.386 0.642 0.09 0.198
4 0.482 0.757 0.118 0.266
4 0.599 0.713 0.109 0.225
15 0.629 0.531 0.079 0.158
4 0.508 0.449 0.054 0.094
4 0.387 0.461 0.061 0.102
19 0.568 0.355 0.046 0.091
4 0.511 0.382 0.045 0.067
8 0.46 0.35 0.039 0.085
19 0.415 0.373 0.047 0.097
17 0.382 0.35 0.026 0.067
10 0.346 0.324 0.04 0.094
4 0.326 0.441 0.055 0.094
4 0.526 0.316 0.029 0.049
17 0.496 0.342 0.029 0.067
8 0.453 0.314 0.033 0.066
8 0.412 0.283 0.032 0.052
4 0.411 0.316 0.034 0.049
4 0.375 0.287 0.026 0.042
6 0.407 0.242 0.02 0.032
10 0.444 0.262 0.022 0.062
19 0.47 0.249 0.022 0.043
17 0.56 0.3 0.021 0.023
17 0.548 0.292 0.02 0.037
17 0.527 0.283 0.024 0.033
0 0.512 0.249 0.024 0.041
10 0.493 0.307 0.028 0.049
19 0.489 0.285 0.034 0.06
3 0.464 0.199 0.023 0.042
3 0.482 0.19 0.021 0.045
3 0.46 0.166 0.018 0.031
3 0.434 0.165 0.015 0.023
19 0.41 0.214 0.016 0.023
10 0.402 0.19 0.013 0.019
8 0.378 0.243 0.022 0.038
4 0.374 0.263 0.022 0.019
4 0.37 0.304 0.014 0.045
15 0.389 0.224 0.017 0.024
4 0.386 0.233 0.017 0.027
19 0.434 0.206 0.014 0.023
11 0.097 0.312 0.095 0.113
4 0.27 0.284 0.031 0.04
17 0.307 0.25 0.016 0.033
17 0.341 0.211 0.011 0.021
9 0.297 0.217 0.007 0.023
9 0.321 0.229 0.007 0.027
9 0.212 0.309 0.015 0.048
9 0.227 0.293 0.013 0.046
9 0.196 0.349 0.02 0.068
9 0.24 0.35 0.014 0.064
9 0.164 0.348 0.018 0.064
13 0.76 0.462 0.06 0.112
13 0.82 0.475 0.064 0.119
13 0.872 0.477 0.055 0.104
13 0.893 0.513 0.045 0.11
4 0.024 0.368 0.043 0.057
9 0.278 0.252 0.01 0.031
13 0.343 0.184 0.007 0.019
