3 0.96 0.49 0.08 0.242
4 0.8 0.553 0.141 0.125
13 0.887 0.499 0.028 0.075
4 0.908 0.497 0.025 0.043
13 0.455 0.614 0.17 0.303
13 0.694 0.525 0.069 0.103
13 0.55 0.467 0.02 0.037
13 0.68 0.477 0.027 0.043
9 0.624 0.544 0.067 0.071
4 0.587 0.506 0.089 0.071
13 0.226 0.485 0.031 0.082
13 0.273 0.488 0.034 0.081
13 0.131 0.475 0.029 0.067
13 0.015 0.488 0.028 0.076
4 0.182 0.483 0.052 0.058
3 0.211 0.426 0.037 0.043
3 0.252 0.44 0.045 0.085
4 0.174 0.437 0.013 0.018
17 0.191 0.444 0.02 0.033
17 0.307 0.469 0.028 0.057
17 0.521 0.492 0.039 0.075
3 0.739 0.461 0.135 0.069
13 0.747 0.492 0.025 0.072
13 0.859 0.497 0.034 0.047
