13 0.08 0.853 0.156 0.256
13 0.163 0.707 0.116 0.253
13 0.207 0.615 0.086 0.242
13 0.241 0.572 0.045 0.167
13 0.205 0.478 0.041 0.061
4 0.238 0.467 0.153 0.094
4 0.402 0.551 0.144 0.186
4 0.797 0.558 0.175 0.167
17 0.936 0.839 0.128 0.317
17 0.772 0.728 0.184 0.35
17 0.662 0.575 0.102 0.211
17 0.648 0.45 0.072 0.056
13 0.214 0.401 0.025 0.036
13 0.269 0.415 0.05 0.064
13 0.25 0.471 0.041 0.064
10 0.692 0.351 0.053 0.058
3 0.945 0.436 0.111 0.183
3 0.562 0.407 0.097 0.192
3 0.432 0.413 0.098 0.197
3 0.498 0.374 0.048 0.125
17 0.363 0.436 0.038 0.083
