17 0.957 0.694 0.087 0.118
19 0.724 0.565 0.096 0.115
17 0.369 0.667 0.057 0.106
9 0.285 0.486 0.018 0.037
9 0.403 0.537 0.02 0.051
9 0.677 0.481 0.024 0.04
9 0.698 0.464 0.018 0.033
9 0.341 0.336 0.008 0.016
9 0.404 0.312 0.008 0.01
9 0.479 0.336 0.008 0.018
16 0.3 0.315 0.014 0.018
10 0.318 0.311 0.015 0.025
3 0.285 0.302 0.019 0.037
3 0.281 0.276 0.018 0.015
17 0.331 0.441 0.023 0.048
17 0.307 0.384 0.018 0.031
17 0.498 0.399 0.023 0.036
17 0.432 0.347 0.013 0.026
15 0.416 0.35 0.023 0.033
4 0.369 0.419 0.032 0.035
4 0.306 0.34 0.018 0.025
4 0.418 0.318 0.018 0.019
4 0.374 0.319 0.015 0.021
4 0.325 0.296 0.009 0.01
4 0.314 0.276 0.008 0.01
4 0.34 0.283 0.01 0.014
4 0.304 0.297 0.007 0.014
17 0.393 0.314 0.011 0.018
4 0.359 0.351 0.022 0.026
17 0.363 0.291 0.006 0.013
3 0.513 0.363 0.052 0.046
