4 0.881 0.834 0.095 0.159
4 0.253 0.843 0.15 0.143
17 0.486 0.706 0.055 0.096
2 0.303 0.689 0.034 0.058
15 0.383 0.707 0.044 0.122
13 0.355 0.674 0.015 0.071
4 0.505 0.647 0.038 0.026
4 0.475 0.622 0.058 0.041
9 0.461 0.586 0.023 0.036
4 0.55 0.605 0.049 0.051
4 0.503 0.585 0.046 0.035
4 0.577 0.557 0.02 0.044
19 0.525 0.549 0.044 0.04
9 0.496 0.558 0.012 0.016
8 0.556 0.538 0.019 0.046
17 0.505 0.507 0.018 0.031
17 0.542 0.491 0.018 0.029
17 0.57 0.487 0.016 0.028
17 0.592 0.482 0.013 0.026
17 0.604 0.487 0.013 0.026
17 0.708 0.476 0.012 0.024
17 0.79 0.576 0.024 0.054
4 0.623 0.475 0.016 0.02
4 0.61 0.465 0.013 0.018
4 0.636 0.462 0.009 0.018
4 0.722 0.485 0.015 0.023
4 0.739 0.498 0.011 0.029
4 0.681 0.446 0.01 0.013
4 0.666 0.467 0.014 0.009
9 0.658 0.526 0.014 0.026
3 0.691 0.462 0.018 0.018
10 0.68 0.479 0.018 0.018
10 0.682 0.519 0.032 0.063
10 0.715 0.437 0.01 0.016
