3 0.166 0.926 0.331 0.141
12 0.392 0.909 0.126 0.182
4 0.041 0.812 0.082 0.18
17 0.232 0.837 0.079 0.037
19 0.4 0.761 0.099 0.135
4 0.47 0.71 0.06 0.114
17 0.339 0.763 0.061 0.13
19 0.151 0.787 0.142 0.143
4 0.245 0.73 0.088 0.12
17 0.458 0.648 0.044 0.06
0 0.388 0.672 0.076 0.109
4 0.309 0.665 0.073 0.08
4 0.14 0.714 0.118 0.11
4 0.184 0.64 0.074 0.065
4 0.266 0.621 0.063 0.076
4 0.332 0.616 0.048 0.062
17 0.404 0.594 0.034 0.029
4 0.447 0.625 0.044 0.065
17 0.451 0.578 0.029 0.029
15 0.213 0.587 0.068 0.055
4 0.285 0.576 0.045 0.033
17 0.222 0.551 0.035 0.02
10 0.248 0.546 0.045 0.047
19 0.356 0.572 0.053 0.074
19 0.42 0.558 0.044 0.058
17 0.447 0.545 0.014 0.036
4 0.33 0.556 0.021 0.05
17 0.294 0.55 0.03 0.032
4 0.388 0.556 0.021 0.046
17 0.451 0.526 0.021 0.016
17 0.425 0.523 0.023 0.016
4 0.417 0.517 0.026 0.022
4 0.336 0.534 0.036 0.033
15 0.295 0.533 0.039 0.037
19 0.348 0.509 0.03 0.043
4 0.305 0.511 0.026 0.02
4 0.385 0.521 0.032 0.027
4 0.377 0.504 0.025 0.013
4 0.411 0.499 0.025 0.017
4 0.415 0.487 0.02 0.008
8 0.374 0.485 0.025 0.029
3 0.393 0.46 0.027 0.048
17 0.085 0.501 0.033 0.04
17 0.042 0.505 0.026 0.042
4 0.128 0.482 0.032 0.03
17 0.108 0.491 0.02 0.033
4 0.206 0.444 0.017 0.018
17 0.19 0.447 0.014 0.022
3 0.418 0.43 0.018 0.024
3 0.394 0.413 0.017 0.033
8 0.344 0.484 0.024 0.024
4 0.345 0.467 0.015 0.012
4 0.346 0.459 0.014 0.008
