8 0.478 0.92 0.153 0.161
4 0.616 0.916 0.154 0.167
4 0.807 0.951 0.206 0.098
8 0.704 0.805 0.165 0.17
17 0.553 0.772 0.078 0.134
2 0.871 0.631 0.031 0.047
9 0.773 0.604 0.032 0.044
10 0.44 0.739 0.135 0.199
4 0.497 0.702 0.073 0.099
15 0.585 0.698 0.109 0.109
4 0.346 0.664 0.065 0.084
4 0.446 0.626 0.069 0.07
4 0.542 0.625 0.074 0.068
4 0.495 0.582 0.057 0.057
17 0.358 0.603 0.04 0.058
4 0.415 0.588 0.06 0.059
17 0.371 0.586 0.038 0.066
4 0.443 0.551 0.048 0.048
4 0.394 0.547 0.046 0.039
4 0.326 0.573 0.044 0.057
4 0.433 0.521 0.041 0.035
4 0.322 0.534 0.038 0.022
9 0.464 0.518 0.013 0.022
19 0.437 0.49 0.031 0.04
3 0.375 0.495 0.048 0.087
17 0.332 0.512 0.027 0.039
4 0.305 0.496 0.028 0.033
4 0.41 0.487 0.025 0.032
17 0.337 0.486 0.024 0.034
10 0.416 0.456 0.028 0.031
4 0.323 0.473 0.025 0.016
4 0.319 0.467 0.024 0.025
4 0.344 0.464 0.019 0.025
9 0.282 0.47 0.008 0.018
4 0.348 0.449 0.023 0.016
3 0.314 0.439 0.033 0.055
19 0.339 0.427 0.019 0.029
4 0.383 0.43 0.015 0.017
9 0.283 0.44 0.006 0.011
17 0.295 0.436 0.008 0.024
9 0.347 0.382 0.004 0.008
9 0.341 0.383 0.004 0.008
9 0.334 0.382 0.003 0.007
9 0.325 0.381 0.002 0.006
10 0.693 0.472 0.053 0.033
