9 0.666 0.651 0.029 0.055
13 0.736 0.598 0.035 0.073
4 0.852 0.55 0.081 0.04
17 0.782 0.598 0.048 0.067
4 0.988 0.705 0.025 0.08
17 0.701 0.522 0.03 0.04
4 0.676 0.508 0.019 0.04
13 0.629 0.512 0.02 0.043
17 0.541 0.539 0.028 0.052
17 0.537 0.488 0.019 0.035
4 0.637 0.469 0.044 0.025
4 0.597 0.458 0.021 0.025
8 0.576 0.453 0.02 0.025
17 0.541 0.453 0.014 0.022
4 0.586 0.542 0.041 0.047
13 0.087 0.743 0.069 0.115
17 0.259 0.627 0.05 0.08
13 0.349 0.488 0.018 0.035
4 0.459 0.484 0.025 0.032
9 0.402 0.485 0.014 0.023
10 0.434 0.435 0.011 0.023
