15 0.195 0.458 0.107 0.145
4 0.489 0.524 0.131 0.197
4 0.857 0.76 0.286 0.372
13 0.926 0.495 0.149 0.197
3 0.827 0.408 0.347 0.189
4 0.49 0.452 0.138 0.1
17 0.39 0.477 0.086 0.182
13 0.323 0.454 0.07 0.159
13 0.059 0.699 0.117 0.594
13 0.016 0.384 0.03 0.078
13 0.091 0.392 0.034 0.078
13 0.252 0.411 0.061 0.102
13 0.606 0.434 0.075 0.105
13 0.537 0.421 0.05 0.091
13 0.476 0.391 0.038 0.033
3 0.331 0.35 0.128 0.059
7 0.234 0.354 0.051 0.061
3 0.051 0.348 0.065 0.047
7 0.111 0.352 0.054 0.057
7 0.174 0.36 0.07 0.079
7 0.4 0.36 0.015 0.061
9 0.676 0.564 0.086 0.273
