13 0.696 0.877 0.081 0.245
13 0.754 0.636 0.051 0.172
13 0.754 0.819 0.056 0.215
13 0.834 0.561 0.101 0.147
13 0.776 0.495 0.063 0.144
13 0.284 0.907 0.134 0.185
13 0.178 0.763 0.099 0.18
13 0.407 0.629 0.074 0.158
13 0.469 0.651 0.077 0.153
9 0.639 0.574 0.049 0.09
9 0.702 0.578 0.056 0.142
9 0.929 0.541 0.053 0.106
13 0.684 0.507 0.047 0.12
9 0.579 0.779 0.099 0.191
19 0.884 0.421 0.143 0.144
4 0.599 0.71 0.186 0.193
13 0.443 0.823 0.137 0.245
4 0.306 0.827 0.254 0.264
4 0.486 0.46 0.131 0.109
4 0.423 0.563 0.146 0.161
8 0.341 0.512 0.153 0.18
4 0.596 0.514 0.144 0.123
15 0.59 0.451 0.154 0.139
8 0.661 0.392 0.114 0.125
4 0.76 0.428 0.137 0.153
8 0.093 0.505 0.134 0.183
4 0.166 0.431 0.087 0.082
4 0.164 0.345 0.061 0.084
4 0.091 0.391 0.057 0.084
4 0.205 0.379 0.061 0.093
17 0.292 0.685 0.113 0.215
17 0.184 0.281 0.037 0.065
17 0.161 0.285 0.034 0.074
15 0.278 0.322 0.044 0.054
