17 0.922 0.892 0.103 0.217
17 0.941 0.731 0.076 0.169
17 0.981 0.654 0.039 0.156
17 0.965 0.602 0.054 0.096
4 0.675 0.914 0.135 0.172
10 0.542 0.837 0.129 0.304
3 0.743 0.694 0.146 0.298
3 0.88 0.525 0.128 0.276
8 0.657 0.612 0.082 0.183
3 0.054 0.705 0.106 0.383
3 0.973 0.463 0.053 0.178
4 0.156 0.868 0.114 0.176
4 0.241 0.804 0.103 0.159
4 0.332 0.706 0.098 0.165
4 0.28 0.592 0.087 0.12
8 0.374 0.631 0.079 0.172
17 0.291 0.474 0.047 0.119
3 0.217 0.506 0.106 0.244
3 0.453 0.542 0.1 0.231
4 0.374 0.508 0.064 0.087
4 0.579 0.458 0.062 0.102
3 0.466 0.326 0.107 0.141
3 0.435 0.361 0.076 0.126
3 0.357 0.447 0.09 0.172
3 0.729 0.442 0.108 0.165
6 0.696 0.513 0.085 0.096
