3 0.706 0.797 0.153 0.406
10 0.947 0.868 0.101 0.263
4 0.487 0.932 0.133 0.136
4 0.376 0.915 0.118 0.17
4 0.464 0.792 0.122 0.183
4 0.584 0.824 0.11 0.208
19 0.84 0.798 0.107 0.259
19 0.618 0.668 0.087 0.172
8 0.529 0.661 0.09 0.185
4 0.881 0.719 0.071 0.13
4 0.849 0.63 0.068 0.1
10 0.885 0.553 0.077 0.155
4 0.567 0.602 0.059 0.108
4 0.744 0.592 0.057 0.034
4 0.818 0.577 0.056 0.102
4 0.584 0.545 0.052 0.087
4 0.647 0.576 0.058 0.057
4 0.741 0.55 0.057 0.064
4 0.767 0.525 0.066 0.096
4 0.677 0.541 0.057 0.076
4 0.634 0.512 0.051 0.081
4 0.595 0.478 0.048 0.064
4 0.694 0.489 0.052 0.053
4 0.659 0.452 0.053 0.051
4 0.626 0.429 0.043 0.064
4 0.708 0.458 0.043 0.049
17 0.663 0.413 0.028 0.04
4 0.758 0.468 0.05 0.053
4 0.819 0.492 0.048 0.091
4 0.637 0.381 0.032 0.036
10 0.733 0.42 0.054 0.068
6 0.788 0.435 0.036 0.085
4 0.678 0.377 0.029 0.053
4 0.702 0.39 0.027 0.057
3 0.783 0.264 0.098 0.049
10 0.704 0.31 0.024 0.038
4 0.807 0.308 0.029 0.03
10 0.671 0.305 0.022 0.04
3 0.675 0.263 0.041 0.042
4 0.196 0.792 0.111 0.161
3 0.129 0.611 0.189 0.276
4 0.248 0.67 0.073 0.138
4 0.358 0.679 0.072 0.11
4 0.402 0.607 0.088 0.098
4 0.242 0.558 0.052 0.089
4 0.351 0.583 0.037 0.083
4 0.374 0.528 0.06 0.079
4 0.361 0.477 0.068 0.079
3 0.539 0.286 0.053 0.049
17 0.242 0.494 0.043 0.07
17 0.267 0.47 0.036 0.066
13 0.296 0.407 0.019 0.028
13 0.206 0.47 0.027 0.032
