13 0.281 0.899 0.232 0.196
17 0.142 0.758 0.241 0.231
13 0.536 0.771 0.192 0.141
9 0.077 0.645 0.154 0.13
9 0.74 0.901 0.15 0.192
9 0.925 0.826 0.131 0.199
9 0.38 0.59 0.077 0.115
9 0.464 0.613 0.085 0.12
9 0.554 0.541 0.078 0.091
9 0.455 0.52 0.067 0.076
9 0.403 0.463 0.048 0.066
9 0.362 0.391 0.062 0.079
9 0.482 0.229 0.025 0.035
9 0.467 0.215 0.029 0.032
9 0.431 0.26 0.038 0.038
9 0.387 0.277 0.029 0.035
9 0.656 0.262 0.031 0.045
9 0.514 0.178 0.026 0.019
9 0.602 0.18 0.022 0.023
9 0.591 0.11 0.014 0.009
9 0.585 0.156 0.013 0.02
9 0.479 0.139 0.015 0.018
20 0.702 0.691 0.175 0.217
4 0.866 0.583 0.267 0.212
4 0.235 0.487 0.206 0.141
17 0.665 0.448 0.125 0.129
13 0.689 0.556 0.114 0.082
17 0.528 0.436 0.113 0.108
3 0.937 0.435 0.125 0.207
4 0.51 0.375 0.145 0.094
17 0.674 0.374 0.121 0.102
13 0.726 0.335 0.074 0.093
10 0.859 0.339 0.119 0.115
4 0.764 0.285 0.116 0.054
13 0.686 0.293 0.064 0.052
17 0.618 0.305 0.082 0.077
13 0.39 0.339 0.074 0.076
13 0.316 0.308 0.066 0.085
8 0.478 0.289 0.102 0.082
4 0.362 0.241 0.114 0.053
10 0.595 0.255 0.107 0.068
13 0.414 0.202 0.04 0.05
13 0.43 0.192 0.029 0.045
13 0.515 0.208 0.041 0.05
13 0.482 0.181 0.028 0.023
13 0.443 0.159 0.031 0.02
13 0.459 0.143 0.024 0.014
3 0.701 0.19 0.168 0.126
13 0.562 0.165 0.031 0.024
13 0.572 0.151 0.016 0.009
4 0.618 0.159 0.03 0.031
4 0.606 0.142 0.036 0.023
13 0.616 0.125 0.02 0.019
17 0.572 0.127 0.027 0.019
4 0.597 0.123 0.024 0.019
3 0.52 0.126 0.054 0.054
4 0.513 0.171 0.045 0.029
4 0.528 0.156 0.042 0.027
13 0.405 0.147 0.02 0.01
13 0.46 0.132 0.02 0.011
13 0.465 0.119 0.019 0.015
13 0.49 0.118 0.016 0.015
13 0.48 0.114 0.014 0.011
13 0.47 0.106 0.014 0.009
13 0.456 0.109 0.017 0.01
6 0.447 0.104 0.025 0.017
13 0.426 0.118 0.016 0.011
13 0.427 0.1 0.016 0.012
13 0.421 0.11 0.014 0.006
13 0.457 0.092 0.013 0.007
13 0.441 0.091 0.013 0.009
4 0.568 0.115 0.028 0.01
4 0.568 0.107 0.028 0.008
4 0.592 0.105 0.022 0.015
4 0.553 0.124 0.013 0.021
4 0.582 0.098 0.02 0.009
4 0.573 0.093 0.016 0.01
3 0.508 0.094 0.042 0.02
10 0.542 0.1 0.026 0.024
3 0.549 0.092 0.031 0.023
3 0.539 0.079 0.037 0.01
3 0.514 0.077 0.03 0.012
3 0.493 0.072 0.023 0.013
3 0.481 0.065 0.022 0.01
3 0.501 0.062 0.017 0.008
3 0.567 0.08 0.018 0.013
2 0.125 0.437 0.059 0.058
2 0.075 0.501 0.066 0.069
2 0.161 0.399 0.047 0.06
