3 0.426 0.495 0.178 0.136
3 0.462 0.377 0.125 0.036
3 0.516 0.269 0.114 0.055
3 0.622 0.466 0.134 0.078
3 0.23 0.752 0.237 0.104
3 0.588 0.65 0.226 0.069
3 0.47 0.863 0.068 0.266
3 0.222 0.9 0.413 0.2
9 0.299 0.515 0.047 0.048
9 0.329 0.568 0.024 0.075
3 0.686 0.901 0.379 0.191
9 0.585 0.562 0.051 0.086
3 0.659 0.369 0.128 0.035
3 0.597 0.326 0.138 0.034
3 0.564 0.357 0.047 0.086
3 0.812 0.262 0.088 0.048
3 0.809 0.325 0.109 0.066
4 0.806 0.674 0.149 0.055
10 0.404 0.645 0.092 0.127
6 0.705 0.532 0.072 0.039
8 0.713 0.593 0.121 0.048
4 0.778 0.592 0.107 0.082
4 0.844 0.553 0.114 0.077
4 0.841 0.743 0.118 0.078
4 0.895 0.844 0.118 0.125
4 0.944 0.958 0.109 0.082
4 0.766 0.405 0.053 0.052
4 0.249 0.458 0.068 0.065
2 0.036 0.536 0.034 0.034
8 0.972 0.778 0.055 0.192
15 0.953 0.624 0.095 0.129
8 0.956 0.53 0.088 0.062
15 0.829 0.494 0.1 0.065
4 0.761 0.484 0.032 0.071
8 0.966 0.466 0.068 0.062
8 0.957 0.446 0.086 0.092
8 0.909 0.363 0.066 0.064
4 0.729 0.354 0.053 0.048
3 0.968 0.356 0.034 0.087
10 0.714 0.318 0.051 0.034
3 0.903 0.256 0.08 0.034
8 0.914 0.286 0.057 0.027
4 0.932 0.312 0.042 0.023
10 0.967 0.299 0.034 0.036
3 0.606 0.193 0.051 0.032
3 0.57 0.242 0.061 0.03
3 0.607 0.236 0.075 0.048
3 0.674 0.243 0.066 0.055
3 0.636 0.298 0.099 0.051
3 0.8 0.206 0.047 0.016
10 0.788 0.223 0.037 0.021
15 0.949 0.216 0.053 0.03
8 0.732 0.185 0.02 0.019
10 0.986 0.214 0.029 0.043
3 0.922 0.194 0.034 0.023
3 0.889 0.192 0.029 0.032
3 0.691 0.171 0.029 0.019
3 0.671 0.197 0.032 0.032
4 0.722 0.197 0.018 0.016
15 0.728 0.235 0.036 0.013
3 0.641 0.199 0.03 0.03
3 0.636 0.179 0.032 0.013
