4 0.271 0.93 0.135 0.139
3 0.246 0.751 0.137 0.213
3 0.104 0.741 0.152 0.252
3 0.027 0.821 0.052 0.222
3 0.202 0.537 0.08 0.093
3 0.184 0.609 0.096 0.055
3 0.294 0.654 0.122 0.182
8 0.441 0.881 0.115 0.183
8 0.408 0.719 0.094 0.07
4 0.575 0.899 0.121 0.141
4 0.543 0.827 0.087 0.128
4 0.527 0.773 0.079 0.099
8 0.404 0.757 0.073 0.091
4 0.776 0.776 0.089 0.085
4 0.92 0.939 0.149 0.122
4 0.878 0.739 0.097 0.079
4 0.937 0.777 0.096 0.073
4 0.977 0.861 0.045 0.159
4 0.828 0.668 0.048 0.073
3 0.957 0.559 0.086 0.127
3 0.866 0.524 0.099 0.109
3 0.791 0.455 0.103 0.106
3 0.633 0.443 0.098 0.096
4 0.503 0.674 0.069 0.046
3 0.349 0.441 0.061 0.053
10 0.574 0.469 0.075 0.134
10 0.691 0.551 0.071 0.097
19 0.756 0.51 0.059 0.067
8 0.31 0.525 0.052 0.047
4 0.391 0.552 0.048 0.053
3 0.261 0.395 0.052 0.063
3 0.242 0.509 0.069 0.143
3 0.395 0.415 0.062 0.063
15 0.477 0.603 0.063 0.083
4 0.496 0.638 0.062 0.059
4 0.446 0.539 0.046 0.058
4 0.363 0.362 0.02 0.024
4 0.386 0.361 0.02 0.024
3 0.335 0.411 0.052 0.052
3 0.308 0.475 0.067 0.065
4 0.405 0.616 0.054 0.025
4 0.41 0.643 0.071 0.029
4 0.402 0.668 0.072 0.037
4 0.978 0.819 0.044 0.077
10 0.903 0.668 0.111 0.159
3 0.746 0.393 0.084 0.054
4 0.595 0.554 0.045 0.044
4 0.763 0.593 0.052 0.025
8 0.749 0.555 0.033 0.058
3 0.667 0.438 0.04 0.067
10 0.523 0.449 0.034 0.063
3 0.474 0.353 0.029 0.033
4 0.526 0.412 0.025 0.023
4 0.501 0.399 0.02 0.024
3 0.313 0.37 0.038 0.021
3 0.296 0.414 0.017 0.041
3 0.56 0.382 0.031 0.041
3 0.527 0.358 0.031 0.048
