13 0.036 0.804 0.071 0.178
13 0.018 0.649 0.036 0.107
13 0.114 0.653 0.074 0.099
13 0.201 0.641 0.071 0.101
13 0.246 0.595 0.05 0.083
13 0.215 0.578 0.018 0.057
13 0.705 0.65 0.036 0.146
13 0.759 0.917 0.075 0.166
13 0.854 0.83 0.078 0.219
13 0.772 0.738 0.061 0.133
13 0.833 0.705 0.061 0.118
13 0.797 0.641 0.041 0.089
13 0.758 0.677 0.056 0.108
2 0.713 0.864 0.036 0.17
12 0.585 0.615 0.078 0.195
9 0.438 0.59 0.035 0.064
4 0.5 0.603 0.071 0.11
4 0.445 0.693 0.068 0.158
10 0.334 0.816 0.18 0.365
3 0.597 0.892 0.188 0.216
3 0.63 0.788 0.134 0.423
4 0.715 0.58 0.056 0.093
4 0.019 0.947 0.033 0.083
4 0.223 0.697 0.116 0.121
13 0.014 0.587 0.026 0.049
13 0.008 0.555 0.016 0.029
13 0.016 0.523 0.024 0.051
13 0.091 0.523 0.025 0.032
13 0.115 0.522 0.022 0.035
13 0.133 0.512 0.024 0.039
13 0.095 0.485 0.023 0.023
13 0.159 0.487 0.024 0.021
13 0.181 0.475 0.021 0.024
13 0.203 0.469 0.024 0.033
13 0.224 0.453 0.022 0.025
13 0.126 0.481 0.019 0.024
15 0.204 0.508 0.093 0.049
6 0.115 0.58 0.128 0.077
6 0.195 0.547 0.108 0.089
17 0.35 0.5 0.039 0.064
6 0.375 0.451 0.044 0.046
8 0.373 0.547 0.073 0.099
15 0.244 0.492 0.049 0.062
4 0.322 0.46 0.051 0.047
13 0.196 0.439 0.018 0.025
13 0.22 0.434 0.016 0.014
13 0.239 0.427 0.019 0.023
13 0.25 0.445 0.021 0.024
13 0.291 0.44 0.016 0.024
13 0.273 0.433 0.012 0.023
13 0.297 0.42 0.023 0.03
13 0.333 0.419 0.02 0.035
13 0.351 0.413 0.013 0.025
13 0.324 0.41 0.018 0.038
13 0.168 0.463 0.016 0.024
9 0.313 0.415 0.01 0.029
11 0.43 0.477 0.056 0.055
9 0.463 0.44 0.016 0.04
13 0.416 0.43 0.022 0.038
13 0.445 0.415 0.017 0.038
13 0.475 0.4 0.016 0.029
4 0.369 0.426 0.034 0.021
4 0.397 0.417 0.032 0.029
4 0.423 0.405 0.028 0.029
4 0.437 0.394 0.022 0.027
4 0.454 0.388 0.03 0.03
13 0.393 0.392 0.014 0.019
13 0.408 0.388 0.013 0.02
10 0.406 0.37 0.017 0.021
13 0.428 0.375 0.012 0.016
13 0.474 0.359 0.012 0.017
13 0.491 0.352 0.01 0.017
17 0.495 0.425 0.026 0.034
4 0.513 0.399 0.035 0.028
4 0.503 0.363 0.017 0.021
4 0.556 0.433 0.031 0.044
4 0.564 0.414 0.023 0.029
3 0.596 0.475 0.061 0.138
4 0.636 0.472 0.029 0.059
9 0.673 0.492 0.016 0.058
4 0.656 0.445 0.029 0.042
4 0.627 0.426 0.024 0.035
4 0.653 0.422 0.023 0.028
4 0.644 0.412 0.026 0.035
13 0.79 0.581 0.037 0.072
13 0.784 0.538 0.038 0.078
2 0.977 0.865 0.036 0.12
2 0.961 0.803 0.078 0.089
13 0.859 0.616 0.042 0.075
13 0.848 0.579 0.039 0.084
13 0.907 0.584 0.051 0.087
13 0.958 0.562 0.042 0.082
13 0.991 0.555 0.018 0.079
13 0.763 0.498 0.041 0.064
13 0.735 0.463 0.027 0.024
13 0.805 0.48 0.022 0.033
4 0.851 0.522 0.11 0.062
12 0.95 0.497 0.101 0.091
13 0.986 0.457 0.023 0.027
17 0.896 0.487 0.017 0.054
17 0.723 0.507 0.058 0.067
13 0.687 0.438 0.019 0.033
4 0.745 0.461 0.044 0.042
4 0.726 0.436 0.029 0.028
4 0.716 0.421 0.028 0.026
13 0.69 0.417 0.015 0.021
13 0.675 0.412 0.013 0.032
17 0.647 0.388 0.013 0.016
17 0.633 0.389 0.014 0.015
6 0.631 0.37 0.016 0.013
3 0.58 0.381 0.026 0.039
4 0.633 0.347 0.012 0.021
6 0.65 0.342 0.013 0.021
4 0.617 0.351 0.009 0.018
3 0.644 0.325 0.013 0.014
3 0.628 0.32 0.015 0.015
4 0.672 0.358 0.016 0.017
4 0.614 0.386 0.018 0.02
4 0.57 0.337 0.014 0.017
4 0.552 0.33 0.013 0.016
13 0.381 0.394 0.013 0.026
4 0.463 0.429 0.038 0.039
