3 0.541 0.308 0.077 0.131
3 0.715 0.35 0.07 0.103
17 0.043 0.713 0.074 0.127
17 0.41 0.455 0.077 0.089
8 0.043 0.864 0.078 0.197
15 0.101 0.936 0.15 0.12
15 0.207 0.861 0.213 0.073
15 0.244 0.822 0.215 0.108
4 0.333 0.664 0.21 0.155
4 0.381 0.601 0.148 0.097
8 0.521 0.717 0.158 0.181
15 0.683 0.511 0.087 0.115
3 0.505 0.49 0.097 0.14
8 0.601 0.649 0.209 0.103
8 0.586 0.732 0.063 0.136
8 0.809 0.52 0.077 0.115
8 0.834 0.483 0.076 0.08
17 0.477 0.378 0.053 0.047
4 0.046 0.461 0.087 0.059
15 0.159 0.421 0.154 0.095
4 0.789 0.427 0.065 0.075
0 0.872 0.422 0.064 0.089
15 0.795 0.366 0.067 0.071
17 0.841 0.343 0.04 0.061
4 0.888 0.375 0.074 0.057
8 0.908 0.332 0.063 0.083
17 0.94 0.3 0.027 0.059
4 0.963 0.287 0.034 0.044
17 0.852 0.309 0.031 0.025
17 0.837 0.294 0.037 0.031
17 0.84 0.272 0.024 0.016
3 0.72 0.334 0.08 0.132
3 0.726 0.26 0.052 0.019
3 0.742 0.247 0.07 0.032
10 0.889 0.287 0.052 0.045
8 0.925 0.253 0.032 0.035
10 0.79 0.312 0.042 0.043
3 0.948 0.187 0.104 0.039
3 0.813 0.176 0.124 0.051
3 0.953 0.162 0.092 0.012
3 0.699 0.198 0.091 0.036
3 0.778 0.217 0.056 0.031
3 0.74 0.22 0.054 0.019
3 0.793 0.235 0.035 0.055
15 0.842 0.247 0.029 0.032
4 0.881 0.242 0.031 0.025
8 0.952 0.195 0.026 0.021
4 0.978 0.249 0.028 0.024
3 0.591 0.286 0.159 0.153
9 0.61 0.511 0.039 0.052
4 0.248 0.398 0.052 0.049
4 0.338 0.37 0.094 0.047
8 0.449 0.317 0.09 0.041
10 0.376 0.339 0.101 0.051
10 0.939 0.235 0.028 0.029
13 0.851 0.231 0.014 0.021
4 0.703 0.175 0.029 0.011
