4 0.044 0.3 0.086 0.062
4 0.116 0.3 0.065 0.047
4 0.194 0.272 0.055 0.032
10 0.115 0.272 0.085 0.057
4 0.215 0.295 0.083 0.05
10 0.348 0.281 0.073 0.069
17 0.409 0.293 0.045 0.042
10 0.455 0.281 0.052 0.052
4 0.486 0.292 0.062 0.039
4 0.548 0.292 0.058 0.033
17 0.569 0.276 0.027 0.014
17 0.598 0.276 0.024 0.015
4 0.617 0.29 0.052 0.029
14 0.653 0.291 0.014 0.028
4 0.67 0.288 0.03 0.027
14 0.696 0.287 0.015 0.025
8 0.648 0.274 0.037 0.022
17 0.708 0.284 0.015 0.03
17 0.721 0.282 0.018 0.029
17 0.741 0.284 0.018 0.027
17 0.758 0.283 0.02 0.029
8 0.705 0.267 0.035 0.015
3 0.799 0.275 0.042 0.037
3 0.849 0.269 0.025 0.021
4 0.735 0.261 0.017 0.009
4 0.396 0.454 0.05 0.028
9 0.446 0.437 0.015 0.02
4 0.425 0.473 0.047 0.025
9 0.541 0.435 0.014 0.025
9 0.548 0.415 0.012 0.021
17 0.567 0.435 0.02 0.023
4 0.562 0.46 0.038 0.031
4 0.598 0.416 0.017 0.023
17 0.689 0.403 0.015 0.018
4 0.67 0.414 0.012 0.021
17 0.687 0.392 0.015 0.02
3 0.692 0.368 0.033 0.037
9 0.72 0.346 0.011 0.018
15 0.803 0.337 0.012 0.027
3 0.14 0.751 0.187 0.16
3 0.333 0.604 0.17 0.164
9 0.121 0.96 0.057 0.08
4 0.204 0.928 0.145 0.142
9 0.299 0.96 0.035 0.05
17 0.31 0.83 0.068 0.092
4 0.41 0.871 0.092 0.12
4 0.381 0.775 0.089 0.108
3 0.441 0.9 0.256 0.201
4 0.54 0.787 0.066 0.075
4 0.454 0.699 0.077 0.051
8 0.473 0.765 0.083 0.112
17 0.544 0.68 0.042 0.066
17 0.556 0.728 0.045 0.061
4 0.543 0.633 0.056 0.06
4 0.62 0.871 0.068 0.133
4 0.597 0.678 0.06 0.059
4 0.612 0.742 0.065 0.097
4 0.581 0.598 0.055 0.052
17 0.645 0.644 0.033 0.062
10 0.625 0.597 0.061 0.106
17 0.791 0.641 0.018 0.047
17 0.674 0.512 0.022 0.022
3 0.712 0.695 0.135 0.227
3 0.717 0.587 0.103 0.143
10 0.686 0.554 0.059 0.089
6 0.725 0.495 0.036 0.042
6 0.793 0.46 0.027 0.032
6 0.893 0.436 0.012 0.032
6 0.784 0.562 0.032 0.061
3 0.82 0.572 0.083 0.131
3 0.837 0.467 0.029 0.067
4 0.752 0.486 0.024 0.033
17 0.806 0.481 0.015 0.028
17 0.814 0.497 0.019 0.022
17 0.766 0.471 0.018 0.024
4 0.659 0.544 0.028 0.042
18 0.769 0.441 0.053 0.059
18 0.872 0.438 0.032 0.062
4 0.808 0.521 0.027 0.032
17 0.818 0.416 0.013 0.025
3 0.792 0.403 0.048 0.057
3 0.897 0.364 0.019 0.043
4 0.863 0.388 0.012 0.02
8 0.841 0.407 0.022 0.027
4 0.92 0.356 0.01 0.018
4 0.862 0.366 0.018 0.017
15 0.898 0.411 0.02 0.023
4 0.906 0.338 0.01 0.014
4 0.881 0.351 0.014 0.017
3 0.872 0.264 0.021 0.021
4 0.765 0.261 0.018 0.012
