3 0.687 0.8 0.165 0.395
4 0.457 0.926 0.124 0.146
4 0.843 0.833 0.158 0.188
2 0.881 0.791 0.033 0.07
2 0.793 0.703 0.035 0.061
2 0.748 0.671 0.021 0.063
14 0.739 0.725 0.021 0.055
2 0.729 0.678 0.033 0.053
9 0.722 0.622 0.034 0.044
10 0.475 0.779 0.082 0.139
20 0.566 0.763 0.049 0.107
8 0.542 0.648 0.06 0.13
8 0.484 0.566 0.054 0.093
3 0.621 0.581 0.105 0.19
17 0.537 0.57 0.034 0.03
4 0.666 0.533 0.043 0.055
11 0.543 0.52 0.04 0.083
17 0.507 0.513 0.025 0.046
8 0.507 0.477 0.031 0.042
4 0.646 0.488 0.037 0.04
4 0.554 0.471 0.029 0.027
8 0.61 0.465 0.042 0.048
4 0.589 0.46 0.024 0.033
4 0.679 0.472 0.039 0.038
4 0.714 0.451 0.035 0.032
10 0.523 0.451 0.03 0.051
19 0.555 0.443 0.025 0.033
3 0.658 0.423 0.076 0.064
3 0.593 0.419 0.038 0.057
8 0.537 0.424 0.021 0.025
3 0.577 0.391 0.027 0.029
4 0.529 0.416 0.017 0.018
3 0.542 0.333 0.011 0.012
3 0.616 0.385 0.04 0.013
3 0.521 0.35 0.015 0.02
4 0.153 0.93 0.202 0.14
4 0.125 0.827 0.167 0.158
19 0.152 0.694 0.14 0.137
4 0.325 0.696 0.087 0.102
4 0.299 0.629 0.088 0.076
4 0.255 0.606 0.088 0.07
4 0.385 0.587 0.058 0.057
4 0.365 0.554 0.058 0.046
4 0.318 0.543 0.064 0.046
3 0.105 0.549 0.209 0.161
19 0.356 0.496 0.053 0.049
17 0.302 0.518 0.035 0.046
17 0.241 0.562 0.038 0.049
2 0.185 0.595 0.025 0.035
4 0.382 0.516 0.047 0.039
8 0.437 0.492 0.037 0.047
4 0.407 0.487 0.035 0.032
19 0.42 0.455 0.037 0.033
4 0.461 0.449 0.025 0.025
3 0.421 0.424 0.05 0.044
3 0.393 0.415 0.039 0.027
3 0.411 0.394 0.026 0.016
17 0.463 0.427 0.016 0.018
4 0.453 0.41 0.014 0.018
4 0.468 0.418 0.016 0.018
4 0.478 0.401 0.014 0.014
8 0.474 0.392 0.013 0.02
4 0.465 0.383 0.011 0.012
9 0.45 0.392 0.004 0.007
4 0.432 0.38 0.015 0.013
