15 0.571 0.878 0.134 0.243
15 0.69 0.815 0.163 0.371
4 0.79 0.839 0.157 0.316
17 0.531 0.697 0.077 0.135
4 0.614 0.617 0.09 0.184
4 0.528 0.599 0.08 0.154
17 0.67 0.562 0.062 0.151
17 0.498 0.491 0.042 0.095
4 0.579 0.497 0.072 0.134
17 0.637 0.479 0.045 0.098
10 0.505 0.413 0.052 0.159
17 0.548 0.375 0.031 0.074
17 0.61 0.418 0.047 0.065
4 0.604 0.378 0.048 0.061
4 0.575 0.332 0.042 0.07
4 0.53 0.332 0.034 0.053
17 0.613 0.328 0.027 0.062
17 0.607 0.303 0.026 0.05
4 0.516 0.309 0.032 0.047
4 0.516 0.274 0.028 0.039
3 0.566 0.244 0.047 0.105
19 0.52 0.228 0.023 0.04
3 0.526 0.124 0.022 0.055
14 0.711 0.582 0.018 0.089
9 0.673 0.473 0.03 0.039
9 0.755 0.651 0.042 0.062
9 0.868 0.835 0.061 0.132
9 0.818 0.744 0.038 0.105
9 0.791 0.645 0.025 0.042
9 0.713 0.492 0.017 0.064
9 0.744 0.601 0.021 0.05
9 0.14 0.441 0.024 0.061
