10 0.621 0.815 0.11 0.204
8 0.551 0.633 0.061 0.107
17 0.64 0.68 0.053 0.123
4 0.555 0.492 0.031 0.076
9 0.646 0.57 0.026 0.086
9 0.607 0.479 0.013 0.044
9 0.583 0.402 0.01 0.042
14 0.601 0.444 0.015 0.037
9 0.608 0.416 0.012 0.044
17 0.606 0.368 0.013 0.031
19 0.716 0.59 0.039 0.042
17 0.738 0.564 0.023 0.042
17 0.681 0.533 0.015 0.037
15 0.428 0.946 0.094 0.107
17 0.431 0.811 0.057 0.159
17 0.302 0.946 0.063 0.107
17 0.181 0.956 0.077 0.089
17 0.349 0.56 0.035 0.055
17 0.404 0.543 0.031 0.052
10 0.212 0.836 0.102 0.193
17 0.246 0.722 0.057 0.097
4 0.327 0.854 0.079 0.151
4 0.335 0.736 0.07 0.115
4 0.419 0.728 0.06 0.136
4 0.361 0.642 0.058 0.099
8 0.426 0.624 0.057 0.099
15 0.461 0.52 0.05 0.073
4 0.316 0.612 0.064 0.081
4 0.279 0.687 0.069 0.099
17 0.379 0.568 0.035 0.055
19 0.449 0.466 0.035 0.044
4 0.423 0.518 0.029 0.044
4 0.5 0.449 0.029 0.047
9 0.578 0.359 0.004 0.018
17 0.784 0.529 0.015 0.029
17 0.766 0.517 0.015 0.026
