17 0.486 0.604 0.105 0.19
17 0.463 0.783 0.113 0.157
17 0.655 0.907 0.116 0.187
17 0.896 0.842 0.105 0.093
17 0.717 0.597 0.081 0.185
17 0.965 0.463 0.071 0.113
17 0.708 0.966 0.126 0.067
17 0.582 0.415 0.056 0.049
17 0.58 0.371 0.051 0.041
17 0.749 0.472 0.051 0.109
17 0.85 0.47 0.047 0.111
17 0.813 0.663 0.087 0.109
17 0.839 0.62 0.08 0.104
17 0.917 0.577 0.076 0.179
9 0.981 0.806 0.038 0.232
9 0.882 0.468 0.027 0.107
3 0.824 0.293 0.088 0.169
15 0.317 0.865 0.167 0.271
4 0.656 0.721 0.136 0.181
15 0.792 0.832 0.136 0.254
4 0.456 0.926 0.167 0.148
4 0.521 0.786 0.123 0.235
4 0.882 0.748 0.128 0.155
4 0.596 0.646 0.123 0.179
17 0.679 0.484 0.073 0.074
3 0.789 0.141 0.125 0.169
10 0.886 0.304 0.048 0.152
10 0.504 0.338 0.077 0.173
3 0.665 0.174 0.067 0.132
10 0.721 0.234 0.083 0.137
3 0.538 0.143 0.084 0.102
10 0.548 0.245 0.082 0.129
17 0.554 0.307 0.033 0.106
17 0.543 0.328 0.016 0.091
4 0.61 0.333 0.053 0.103
17 0.734 0.362 0.065 0.095
17 0.163 0.505 0.056 0.092
3 0.067 0.316 0.098 0.124
3 0.134 0.139 0.07 0.166
3 0.069 0.168 0.074 0.109
3 0.245 0.22 0.075 0.087
17 0.547 0.473 0.061 0.065
4 0.395 0.567 0.099 0.136
4 0.374 0.615 0.118 0.155
15 0.354 0.675 0.133 0.139
3 0.557 0.041 0.055 0.08
3 0.612 0.171 0.043 0.125
