10 0.044 0.614 0.087 0.194
15 0.143 0.353 0.068 0.057
15 0.205 0.324 0.049 0.026
17 0.216 0.36 0.033 0.049
17 0.259 0.354 0.034 0.054
4 0.402 0.296 0.032 0.039
17 0.456 0.208 0.012 0.019
9 0.473 0.215 0.008 0.018
17 0.505 0.18 0.005 0.011
17 0.496 0.181 0.003 0.01
16 0.103 0.899 0.205 0.202
8 0.257 0.671 0.136 0.228
4 0.344 0.584 0.077 0.123
8 0.363 0.486 0.078 0.107
4 0.41 0.458 0.027 0.081
15 0.412 0.395 0.051 0.047
4 0.437 0.367 0.041 0.028
19 0.448 0.335 0.042 0.047
19 0.479 0.322 0.021 0.055
4 0.481 0.287 0.026 0.016
15 0.49 0.268 0.025 0.029
4 0.512 0.267 0.008 0.026
19 0.516 0.223 0.019 0.014
19 0.523 0.211 0.014 0.012
19 0.341 0.946 0.18 0.107
8 0.403 0.789 0.149 0.232
4 0.424 0.642 0.1 0.077
4 0.45 0.562 0.078 0.087
4 0.446 0.496 0.061 0.057
4 0.482 0.437 0.054 0.065
4 0.505 0.391 0.041 0.041
4 0.493 0.356 0.044 0.028
4 0.522 0.347 0.031 0.041
19 0.519 0.31 0.035 0.028
8 0.532 0.283 0.023 0.027
4 0.53 0.259 0.017 0.014
3 0.537 0.222 0.006 0.039
3 0.568 0.19 0.018 0.018
3 0.59 0.193 0.021 0.022
3 0.562 0.239 0.043 0.033
3 0.585 0.17 0.009 0.01
3 0.572 0.169 0.009 0.009
3 0.603 0.242 0.037 0.044
3 0.577 0.276 0.045 0.037
3 0.585 0.214 0.021 0.016
3 0.577 0.329 0.056 0.069
3 0.612 0.291 0.02 0.051
3 0.648 0.305 0.053 0.046
3 0.665 0.383 0.086 0.073
3 0.731 0.501 0.106 0.168
19 0.817 0.466 0.071 0.077
17 0.807 0.564 0.042 0.12
17 0.867 0.543 0.051 0.063
17 0.862 0.602 0.069 0.051
17 0.828 0.672 0.08 0.097
17 0.918 0.676 0.087 0.113
17 0.871 0.774 0.114 0.102
17 0.9 0.899 0.115 0.159
17 0.92 0.99 0.112 0.019
17 0.728 0.766 0.083 0.112
17 0.726 0.852 0.089 0.061
8 0.949 0.553 0.09 0.117
4 0.884 0.498 0.06 0.031
15 0.703 0.648 0.096 0.131
15 0.569 0.401 0.059 0.062
9 0.576 0.448 0.023 0.024
16 0.608 0.455 0.046 0.029
10 0.601 0.499 0.059 0.034
10 0.628 0.544 0.013 0.056
15 0.589 0.591 0.074 0.158
4 0.528 0.524 0.064 0.106
4 0.585 0.723 0.105 0.097
19 0.571 0.838 0.131 0.131
17 0.661 0.494 0.033 0.096
3 0.724 0.951 0.277 0.097
