3 0.742 0.939 0.21 0.122
3 0.916 0.773 0.15 0.453
17 0.454 0.976 0.124 0.048
15 0.255 0.929 0.203 0.142
4 0.353 0.808 0.146 0.125
4 0.723 0.838 0.147 0.093
4 0.406 0.692 0.101 0.077
3 0.548 0.769 0.23 0.368
17 0.704 0.682 0.072 0.052
17 0.726 0.758 0.077 0.092
15 0.727 0.623 0.091 0.078
3 0.836 0.633 0.078 0.328
3 0.868 0.455 0.081 0.047
3 0.846 0.378 0.071 0.112
3 0.801 0.385 0.013 0.103
3 0.837 0.258 0.038 0.042
3 0.817 0.282 0.034 0.013
3 0.82 0.293 0.04 0.012
3 0.823 0.305 0.047 0.017
3 0.762 0.336 0.04 0.082
3 0.774 0.262 0.036 0.047
3 0.808 0.214 0.013 0.018
3 0.229 0.388 0.122 0.083
3 0.443 0.304 0.042 0.048
3 0.477 0.293 0.021 0.035
3 0.512 0.267 0.041 0.03
3 0.569 0.25 0.037 0.023
3 0.633 0.228 0.027 0.027
3 0.677 0.208 0.009 0.012
4 0.778 0.541 0.04 0.088
4 0.768 0.476 0.027 0.045
4 0.794 0.308 0.008 0.04
4 0.607 0.558 0.071 0.043
4 0.647 0.487 0.047 0.017
4 0.681 0.448 0.048 0.015
4 0.689 0.431 0.041 0.022
4 0.698 0.408 0.04 0.018
4 0.704 0.389 0.036 0.012
4 0.703 0.363 0.011 0.04
4 0.782 0.226 0.029 0.015
4 0.463 0.618 0.089 0.073
4 0.585 0.5 0.043 0.077
4 0.593 0.45 0.052 0.027
4 0.633 0.448 0.021 0.055
4 0.659 0.405 0.022 0.057
4 0.053 0.881 0.101 0.105
4 0.257 0.669 0.074 0.112
4 0.07 0.62 0.073 0.04
4 0.028 0.582 0.042 0.037
4 0.058 0.545 0.053 0.057
4 0.011 0.539 0.019 0.058
4 0.074 0.494 0.05 0.035
4 0.242 0.573 0.024 0.078
4 0.288 0.513 0.067 0.047
4 0.331 0.552 0.028 0.042
4 0.239 0.498 0.017 0.055
4 0.308 0.464 0.028 0.058
4 0.327 0.434 0.019 0.038
4 0.363 0.448 0.049 0.022
4 0.453 0.453 0.032 0.03
4 0.477 0.422 0.031 0.023
4 0.449 0.418 0.024 0.038
4 0.476 0.388 0.041 0.025
4 0.462 0.367 0.027 0.013
4 0.473 0.355 0.031 0.017
4 0.452 0.338 0.032 0.017
4 0.519 0.35 0.029 0.017
4 0.568 0.351 0.033 0.025
4 0.48 0.33 0.007 0.02
17 0.723 0.493 0.029 0.065
17 0.718 0.536 0.051 0.022
17 0.683 0.492 0.021 0.073
17 0.651 0.52 0.049 0.043
17 0.646 0.365 0.03 0.023
9 0.812 0.239 0.008 0.015
17 0.287 0.577 0.056 0.057
17 0.1 0.718 0.067 0.113
17 0.03 0.716 0.058 0.148
17 0.272 0.455 0.046 0.04
17 0.334 0.408 0.016 0.035
17 0.427 0.388 0.033 0.017
17 0.433 0.372 0.032 0.012
17 0.418 0.346 0.024 0.018
17 0.662 0.268 0.014 0.017
15 0.72 0.322 0.011 0.04
15 0.621 0.399 0.052 0.038
15 0.384 0.36 0.04 0.03
9 0.357 0.371 0.014 0.012
15 0.528 0.378 0.046 0.033
10 0.725 0.563 0.07 0.033
10 0.758 0.414 0.049 0.072
10 0.73 0.252 0.031 0.023
10 0.717 0.271 0.026 0.012
10 0.543 0.316 0.044 0.052
10 0.502 0.326 0.033 0.035
10 0.601 0.251 0.024 0.015
10 0.626 0.267 0.028 0.023
10 0.166 0.5 0.106 0.1
10 0.199 0.596 0.051 0.082
10 0.304 0.387 0.027 0.043
10 0.578 0.297 0.016 0.04
10 0.666 0.249 0.018 0.018
10 0.667 0.328 0.042 0.05
19 0.516 0.534 0.096 0.092
4 0.698 0.331 0.01 0.015
8 0.698 0.306 0.02 0.018
8 0.027 0.448 0.051 0.083
4 0.109 0.573 0.054 0.042
19 0.374 0.489 0.071 0.058
19 0.379 0.408 0.064 0.062
10 0.219 0.453 0.013 0.038
