17 0.89 0.885 0.086 0.149
17 0.358 0.563 0.017 0.031
4 0.221 0.881 0.117 0.139
4 0.666 0.79 0.082 0.108
4 0.661 0.682 0.052 0.063
4 0.37 0.653 0.045 0.05
4 0.422 0.601 0.028 0.039
4 0.485 0.534 0.018 0.019
4 0.404 0.545 0.02 0.022
4 0.555 0.601 0.022 0.05
4 0.414 0.513 0.015 0.016
4 0.473 0.493 0.01 0.012
16 0.403 0.527 0.017 0.012
9 0.383 0.606 0.013 0.041
8 0.175 0.707 0.072 0.085
4 0.059 0.661 0.067 0.05
4 0.106 0.632 0.043 0.041
4 0.239 0.574 0.03 0.031
4 0.264 0.569 0.017 0.028
4 0.237 0.55 0.032 0.015
13 0.054 0.721 0.036 0.064
13 0.022 0.74 0.03 0.067
8 0.384 0.766 0.067 0.112
9 0.533 0.52 0.008 0.018
9 0.549 0.52 0.005 0.02
10 0.438 0.546 0.021 0.029
3 0.512 0.612 0.062 0.127
3 0.432 0.518 0.02 0.023
3 0.437 0.496 0.02 0.018
3 0.479 0.472 0.008 0.015
18 0.491 0.497 0.017 0.034
13 0.169 0.645 0.022 0.054
13 0.087 0.694 0.028 0.063
