3 0.797 0.764 0.218 0.137
3 0.579 0.808 0.168 0.135
3 0.386 0.843 0.212 0.135
3 0.036 0.835 0.067 0.144
10 0.04 0.704 0.076 0.137
19 0.048 0.571 0.071 0.132
8 0.106 0.477 0.049 0.122
4 0.337 0.597 0.073 0.084
19 0.257 0.507 0.076 0.102
3 0.412 0.527 0.153 0.116
3 0.538 0.47 0.141 0.071
3 0.688 0.545 0.168 0.09
6 0.093 0.322 0.046 0.094
10 0.189 0.356 0.043 0.099
3 0.28 0.421 0.101 0.173
3 0.14 0.22 0.05 0.184
3 0.187 0.23 0.038 0.126
3 0.223 0.147 0.038 0.126
3 0.27 0.066 0.06 0.059
3 0.255 0.02 0.052 0.036
3 0.335 0.138 0.102 0.105
3 0.414 0.249 0.083 0.128
4 0.167 0.078 0.028 0.058
19 0.137 0.114 0.03 0.036
3 0.048 0.066 0.095 0.126
17 0.184 0.014 0.023 0.026
3 0.701 0.472 0.137 0.062
3 0.525 0.346 0.125 0.169
3 0.664 0.388 0.149 0.111
3 0.87 0.513 0.133 0.099
3 0.933 0.445 0.135 0.067
3 0.957 0.4 0.087 0.036
3 0.968 0.524 0.064 0.1
13 0.157 0.354 0.031 0.052
13 0.174 0.489 0.035 0.05
13 0.192 0.046 0.017 0.043
13 0.223 0.053 0.021 0.046
13 0.312 0.063 0.016 0.038
13 0.192 0.147 0.022 0.035
13 0.241 0.915 0.05 0.052
2 0.101 0.698 0.022 0.056
13 0.214 0.951 0.055 0.079
13 0.26 0.688 0.036 0.053
13 0.312 0.676 0.045 0.044
13 0.297 0.637 0.062 0.036
13 0.233 0.59 0.035 0.079
13 0.263 0.603 0.024 0.047
13 0.297 0.543 0.028 0.029
13 0.312 0.366 0.023 0.071
13 0.334 0.373 0.02 0.059
13 0.349 0.343 0.021 0.049
13 0.267 0.315 0.029 0.062
13 0.283 0.282 0.026 0.059
13 0.388 0.617 0.031 0.033
13 0.382 0.574 0.031 0.056
13 0.368 0.369 0.019 0.043
13 0.39 0.388 0.02 0.052
13 0.414 0.394 0.023 0.073
13 0.438 0.384 0.02 0.059
13 0.429 0.343 0.023 0.02
13 0.546 0.91 0.058 0.061
2 0.5 0.929 0.036 0.046
13 0.42 0.637 0.034 0.046
13 0.463 0.618 0.037 0.047
13 0.511 0.625 0.05 0.053
13 0.406 0.448 0.041 0.035
13 0.435 0.456 0.025 0.03
13 0.558 0.63 0.039 0.05
13 0.533 0.592 0.036 0.032
9 0.521 0.539 0.033 0.023
13 0.539 0.564 0.026 0.043
13 0.578 0.589 0.036 0.041
13 0.563 0.533 0.044 0.036
13 0.612 0.606 0.041 0.041
13 0.645 0.606 0.019 0.05
13 0.674 0.632 0.041 0.049
13 0.714 0.643 0.037 0.055
13 0.757 0.635 0.046 0.055
13 0.785 0.571 0.019 0.055
13 0.801 0.634 0.037 0.053
13 0.792 0.591 0.021 0.027
13 0.84 0.634 0.036 0.05
13 0.952 0.628 0.027 0.041
13 0.986 0.62 0.026 0.055
13 0.825 0.586 0.03 0.032
13 0.788 0.502 0.025 0.058
13 0.778 0.441 0.022 0.052
13 0.942 0.583 0.021 0.044
13 0.913 0.605 0.023 0.04
13 0.9 0.568 0.023 0.035
13 0.858 0.564 0.019 0.03
17 0.877 0.6 0.053 0.047
13 0.618 0.463 0.02 0.044
13 0.798 0.462 0.013 0.033
