10 0.46 0.201 0.038 0.052
10 0.489 0.183 0.022 0.034
3 0.524 0.046 0.025 0.019
8 0.498 0.278 0.015 0.045
13 0.481 0.264 0.015 0.022
13 0.797 0.946 0.049 0.099
13 0.873 0.959 0.065 0.07
13 0.886 0.903 0.044 0.067
13 0.908 0.856 0.06 0.055
13 0.604 0.784 0.039 0.075
13 0.464 0.984 0.043 0.033
13 0.114 0.71 0.017 0.091
13 0.861 0.769 0.038 0.079
13 0.962 0.662 0.034 0.046
13 0.922 0.716 0.042 0.061
13 0.901 0.641 0.034 0.046
13 0.696 0.641 0.035 0.061
13 0.746 0.571 0.03 0.064
13 0.946 0.456 0.028 0.043
13 0.952 0.616 0.033 0.052
13 0.834 0.621 0.028 0.03
13 0.942 0.387 0.02 0.037
13 0.973 0.39 0.022 0.022
13 0.922 0.412 0.015 0.022
13 0.974 0.312 0.021 0.028
13 0.905 0.24 0.018 0.019
13 0.935 0.219 0.013 0.021
13 0.932 0.274 0.006 0.018
13 0.694 0.271 0.018 0.027
13 0.317 0.528 0.033 0.033
13 0.323 0.49 0.03 0.039
13 0.347 0.459 0.03 0.037
13 0.398 0.425 0.023 0.051
13 0.467 0.514 0.033 0.031
13 0.442 0.528 0.028 0.022
3 0.656 0.04 0.06 0.021
3 0.65 0.077 0.034 0.025
3 0.691 0.065 0.029 0.034
3 0.721 0.067 0.025 0.015
18 0.731 0.087 0.035 0.009
18 0.76 0.126 0.042 0.063
3 0.794 0.18 0.045 0.049
7 0.831 0.541 0.061 0.118
7 0.889 0.457 0.04 0.082
7 0.777 0.707 0.089 0.157
10 0.517 0.924 0.085 0.12
10 0.982 0.436 0.036 0.063
13 0.938 0.506 0.026 0.033
10 0.977 0.558 0.047 0.084
13 0.925 0.584 0.017 0.057
17 0.78 0.591 0.04 0.058
13 0.842 0.683 0.023 0.043
13 0.864 0.711 0.028 0.036
4 0.979 0.749 0.043 0.126
7 0.947 0.35 0.042 0.046
10 0.837 0.445 0.055 0.082
10 0.889 0.33 0.047 0.052
10 0.883 0.249 0.025 0.024
10 0.916 0.21 0.022 0.034
10 0.676 0.916 0.186 0.168
19 0.663 0.805 0.066 0.049
9 0.025 0.972 0.044 0.057
4 0.046 0.773 0.091 0.067
4 0.055 0.865 0.106 0.123
4 0.137 0.792 0.101 0.087
19 0.137 0.958 0.137 0.084
6 0.217 0.814 0.051 0.066
6 0.324 0.605 0.046 0.126
6 0.328 0.686 0.091 0.075
3 0.201 0.649 0.162 0.187
3 0.34 0.851 0.209 0.289
3 0.488 0.641 0.212 0.253
4 0.366 0.586 0.038 0.085
4 0.396 0.519 0.063 0.058
17 0.438 0.466 0.041 0.07
3 0.469 0.374 0.083 0.118
3 0.527 0.45 0.031 0.127
3 0.559 0.279 0.104 0.085
3 0.639 0.202 0.061 0.066
3 0.657 0.131 0.037 0.037
3 0.653 0.099 0.031 0.018
3 0.708 0.126 0.044 0.055
10 0.732 0.175 0.039 0.039
10 0.686 0.209 0.026 0.04
10 0.737 0.238 0.033 0.03
0 0.723 0.269 0.042 0.034
13 0.624 0.116 0.012 0.013
17 0.587 0.229 0.025 0.027
10 0.658 0.312 0.058 0.037
3 0.739 0.354 0.063 0.139
10 0.779 0.345 0.015 0.073
3 0.78 0.251 0.053 0.064
3 0.676 0.431 0.062 0.18
3 0.616 0.494 0.106 0.192
10 0.412 0.573 0.046 0.036
10 0.211 0.493 0.075 0.061
10 0.624 0.068 0.023 0.031
7 0.87 0.19 0.028 0.033
