16 0.518 0.975 0.124 0.051
17 0.329 0.858 0.076 0.16
17 0.296 0.776 0.065 0.119
17 0.427 0.626 0.037 0.062
17 0.388 0.613 0.038 0.067
17 0.333 0.616 0.04 0.07
17 0.331 0.572 0.029 0.029
4 0.24 0.697 0.085 0.074
4 0.131 0.604 0.089 0.049
4 0.495 0.713 0.07 0.088
10 0.419 0.743 0.088 0.173
9 0.261 0.585 0.018 0.034
9 0.313 0.556 0.014 0.029
9 0.333 0.519 0.01 0.023
19 0.254 0.518 0.043 0.043
4 0.377 0.537 0.035 0.047
4 0.427 0.525 0.031 0.038
4 0.379 0.487 0.025 0.03
15 0.43 0.495 0.028 0.032
4 0.433 0.469 0.021 0.019
11 0.394 0.462 0.021 0.027
4 0.418 0.451 0.015 0.016
4 0.403 0.448 0.013 0.017
4 0.429 0.442 0.013 0.014
4 0.438 0.435 0.014 0.014
3 0.402 0.412 0.015 0.021
13 0.773 0.947 0.134 0.106
9 0.694 0.916 0.039 0.088
9 0.673 0.851 0.039 0.091
4 0.826 0.866 0.181 0.176
4 0.979 0.944 0.04 0.112
19 0.874 0.781 0.174 0.191
4 0.961 0.798 0.077 0.144
10 0.708 0.702 0.108 0.166
4 0.623 0.661 0.059 0.086
0 0.602 0.601 0.048 0.079
8 0.557 0.571 0.047 0.073
4 0.656 0.594 0.059 0.049
17 0.953 0.686 0.072 0.083
3 0.947 0.619 0.106 0.137
16 0.86 0.687 0.114 0.083
4 0.855 0.639 0.092 0.067
4 0.772 0.694 0.058 0.099
4 0.762 0.635 0.082 0.071
17 0.791 0.608 0.047 0.069
17 0.871 0.608 0.048 0.057
17 0.872 0.573 0.045 0.027
4 0.713 0.591 0.058 0.056
3 0.78 0.55 0.123 0.112
10 0.597 0.546 0.049 0.042
10 0.667 0.556 0.046 0.048
4 0.7 0.543 0.038 0.039
0 0.702 0.521 0.035 0.039
4 0.628 0.538 0.037 0.042
8 0.663 0.513 0.043 0.032
8 0.605 0.506 0.037 0.038
4 0.631 0.504 0.024 0.03
8 0.544 0.534 0.035 0.04
4 0.571 0.52 0.032 0.036
4 0.675 0.49 0.033 0.018
17 0.657 0.481 0.021 0.026
4 0.503 0.514 0.016 0.032
8 0.548 0.499 0.03 0.032
17 0.636 0.482 0.02 0.019
4 0.577 0.493 0.022 0.021
3 0.614 0.465 0.049 0.038
19 0.504 0.479 0.022 0.025
18 0.554 0.457 0.023 0.026
3 0.553 0.418 0.025 0.017
10 0.49 0.451 0.018 0.021
