4 0.86 0.868 0.276 0.264
4 0.124 0.866 0.244 0.264
4 0.099 0.637 0.193 0.181
4 0.238 0.613 0.142 0.16
13 0.814 0.567 0.111 0.127
13 0.733 0.527 0.056 0.102
4 0.213 0.489 0.125 0.095
8 0.645 0.613 0.121 0.205
4 0.309 0.487 0.056 0.089
17 0.628 0.492 0.072 0.047
8 0.683 0.43 0.081 0.082
3 0.383 0.647 0.241 0.436
6 0.542 0.47 0.058 0.104
15 0.582 0.389 0.065 0.059
8 0.307 0.396 0.067 0.059
15 0.375 0.407 0.063 0.043
13 0.53 0.398 0.035 0.036
13 0.484 0.419 0.035 0.019
19 0.653 0.365 0.063 0.043
9 0.423 0.401 0.021 0.031
8 0.476 0.386 0.046 0.043
13 0.512 0.361 0.021 0.042
4 0.566 0.346 0.051 0.026
15 0.367 0.364 0.037 0.036
4 0.493 0.33 0.044 0.024
4 0.423 0.359 0.053 0.038
4 0.377 0.334 0.044 0.023
10 0.436 0.329 0.042 0.023
17 0.406 0.307 0.032 0.021
4 0.631 0.333 0.046 0.017
4 0.613 0.312 0.042 0.021
19 0.419 0.289 0.039 0.016
4 0.45 0.31 0.032 0.016
6 0.502 0.291 0.035 0.03
8 0.545 0.32 0.037 0.026
4 0.471 0.287 0.032 0.019
3 0.108 0.372 0.202 0.08
4 0.059 0.319 0.077 0.024
17 0.065 0.464 0.079 0.049
4 0.577 0.286 0.026 0.021
