13 0.877 0.959 0.022 0.046
13 0.803 0.945 0.02 0.083
10 0.879 0.898 0.084 0.058
13 0.984 0.923 0.028 0.104
13 0.626 0.939 0.032 0.123
13 0.851 0.727 0.021 0.081
10 0.932 0.778 0.136 0.169
9 0.599 0.915 0.018 0.065
17 0.918 0.224 0.013 0.027
17 0.926 0.192 0.014 0.017
3 0.875 0.213 0.031 0.035
3 0.843 0.179 0.023 0.05
3 0.813 0.226 0.03 0.041
3 0.812 0.178 0.025 0.038
3 0.768 0.255 0.044 0.066
3 0.843 0.243 0.025 0.025
3 0.869 0.248 0.028 0.035
3 0.899 0.258 0.03 0.035
3 0.836 0.265 0.032 0.018
3 0.804 0.294 0.034 0.038
3 0.862 0.29 0.025 0.043
3 0.894 0.291 0.035 0.035
3 0.874 0.362 0.044 0.076
3 0.835 0.328 0.025 0.036
3 0.811 0.381 0.04 0.068
3 0.764 0.342 0.058 0.055
17 0.917 0.284 0.013 0.036
3 0.714 0.473 0.066 0.141
3 0.765 0.483 0.073 0.143
13 0.852 0.433 0.011 0.027
13 0.843 0.395 0.016 0.017
13 0.841 0.488 0.016 0.027
13 0.881 0.651 0.034 0.038
13 0.83 0.636 0.014 0.045
13 0.813 0.555 0.02 0.035
13 0.779 0.604 0.022 0.032
17 0.821 0.475 0.025 0.051
4 0.804 0.514 0.038 0.027
17 0.734 0.297 0.02 0.036
3 0.694 0.281 0.048 0.051
3 0.66 0.3 0.02 0.043
3 0.568 0.349 0.094 0.121
10 0.486 0.396 0.062 0.053
13 0.406 0.404 0.016 0.028
13 0.422 0.409 0.017 0.025
13 0.389 0.449 0.013 0.02
13 0.406 0.47 0.013 0.025
13 0.377 0.484 0.009 0.05
13 0.272 0.505 0.016 0.028
13 0.34 0.486 0.012 0.03
17 0.419 0.502 0.044 0.032
13 0.326 0.481 0.014 0.036
4 0.413 0.542 0.052 0.056
10 0.352 0.536 0.069 0.056
3 0.035 0.43 0.067 0.071
3 0.029 0.495 0.055 0.058
4 0.027 0.546 0.046 0.041
4 0.082 0.6 0.075 0.055
4 0.076 0.557 0.053 0.033
4 0.101 0.529 0.054 0.03
4 0.176 0.539 0.033 0.027
4 0.297 0.636 0.046 0.058
4 0.297 0.591 0.041 0.025
4 0.352 0.578 0.063 0.028
4 0.404 0.616 0.024 0.045
4 0.351 0.657 0.059 0.063
17 0.43 0.598 0.03 0.051
3 0.532 0.515 0.165 0.181
4 0.482 0.622 0.068 0.033
4 0.566 0.646 0.069 0.075
4 0.466 0.665 0.058 0.046
4 0.465 0.743 0.061 0.106
15 0.538 0.816 0.079 0.166
4 0.575 0.737 0.063 0.111
17 0.777 0.556 0.036 0.061
17 0.73 0.604 0.045 0.045
17 0.655 0.603 0.039 0.045
17 0.621 0.652 0.033 0.046
17 0.63 0.713 0.041 0.07
17 0.776 0.649 0.045 0.048
17 0.821 0.687 0.042 0.05
9 0.698 0.685 0.02 0.03
13 0.668 0.652 0.021 0.066
9 0.659 0.783 0.015 0.043
17 0.698 0.789 0.058 0.048
4 0.681 0.72 0.05 0.06
4 0.724 0.657 0.054 0.033
4 0.788 0.716 0.037 0.035
4 0.716 0.884 0.119 0.119
19 0.779 0.793 0.105 0.149
