3 0.904 0.726 0.19 0.501
3 0.562 0.563 0.34 0.438
3 0.214 0.275 0.219 0.278
3 0.079 0.166 0.074 0.151
3 0.048 0.084 0.095 0.089
3 0.236 0.05 0.046 0.032
17 0.751 0.872 0.199 0.256
4 0.436 0.786 0.225 0.265
4 0.213 0.51 0.134 0.174
17 0.254 0.441 0.077 0.156
19 0.103 0.37 0.106 0.156
4 0.035 0.292 0.064 0.093
10 0.043 0.217 0.077 0.096
17 0.166 0.35 0.042 0.121
17 0.263 0.438 0.083 0.145
17 0.354 0.293 0.047 0.11
17 0.711 0.522 0.09 0.181
4 0.448 0.326 0.102 0.104
4 0.389 0.403 0.032 0.109
14 0.374 0.348 0.024 0.068
4 0.167 0.121 0.048 0.038
4 0.152 0.106 0.054 0.056
4 0.222 0.1 0.059 0.045
