3 0.097 0.131 0.192 0.239
3 0.201 0.162 0.046 0.131
3 0.379 0.121 0.177 0.178
3 0.503 0.143 0.067 0.078
3 0.639 0.119 0.1 0.08
3 0.751 0.093 0.069 0.08
3 0.966 0.188 0.068 0.231
17 0.472 0.829 0.267 0.327
17 0.703 0.599 0.124 0.298
9 0.865 0.565 0.052 0.136
4 0.036 0.533 0.072 0.242
4 0.378 0.625 0.308 0.34
4 0.211 0.541 0.276 0.287
4 0.257 0.396 0.225 0.169
4 0.243 0.343 0.199 0.149
4 0.439 0.411 0.188 0.165
4 0.764 0.467 0.145 0.216
15 0.615 0.402 0.165 0.227
4 0.048 0.272 0.09 0.061
15 0.142 0.249 0.107 0.088
4 0.238 0.273 0.146 0.096
15 0.367 0.224 0.12 0.089
4 0.296 0.231 0.074 0.076
4 0.253 0.203 0.071 0.044
4 0.254 0.4 0.227 0.136
4 0.484 0.322 0.153 0.132
4 0.476 0.264 0.135 0.078
17 0.58 0.272 0.07 0.109
17 0.88 0.309 0.05 0.122
17 0.858 0.271 0.045 0.126
17 0.794 0.229 0.041 0.08
4 0.802 0.298 0.076 0.112
4 0.723 0.331 0.082 0.136
4 0.691 0.269 0.099 0.063
4 0.653 0.255 0.08 0.078
4 0.602 0.215 0.077 0.085
4 0.71 0.227 0.066 0.072
4 0.666 0.196 0.047 0.04
9 0.766 0.222 0.018 0.056
19 0.841 0.202 0.054 0.089
4 0.921 0.229 0.033 0.08
4 0.907 0.178 0.042 0.042
4 0.882 0.227 0.041 0.061
8 0.404 0.18 0.082 0.061
8 0.734 0.182 0.06 0.081
4 0.781 0.194 0.042 0.062
4 0.939 0.145 0.023 0.036
4 0.917 0.138 0.014 0.03
8 0.639 0.168 0.049 0.06
4 0.472 0.208 0.083 0.053
4 0.547 0.19 0.053 0.04
4 0.504 0.179 0.045 0.024
3 0.822 0.101 0.045 0.036
