3 0.933 0.709 0.132 0.582
4 0.625 0.713 0.337 0.318
17 0.038 0.678 0.073 0.3
17 0.074 0.622 0.133 0.216
17 0.201 0.645 0.163 0.281
17 0.312 0.66 0.21 0.284
17 0.399 0.586 0.103 0.196
17 0.521 0.6 0.149 0.187
17 0.607 0.597 0.144 0.14
17 0.248 0.501 0.079 0.083
19 0.391 0.506 0.148 0.122
19 0.55 0.48 0.099 0.096
3 0.757 0.465 0.181 0.117
17 0.888 0.505 0.065 0.113
17 0.82 0.62 0.084 0.212
17 0.844 0.537 0.059 0.098
17 0.721 0.54 0.078 0.089
17 0.747 0.544 0.075 0.111
17 0.741 0.492 0.077 0.047
17 0.642 0.508 0.096 0.069
17 0.111 0.515 0.123 0.066
17 0.474 0.538 0.08 0.111
19 0.526 0.435 0.047 0.038
19 0.606 0.45 0.058 0.038
17 0.651 0.449 0.037 0.04
