4 0.961 0.887 0.077 0.216
17 0.91 0.558 0.129 0.212
17 0.791 0.85 0.189 0.299
17 0.683 0.62 0.12 0.219
17 0.541 0.603 0.109 0.204
19 0.68 0.471 0.187 0.223
4 0.418 0.662 0.176 0.286
4 0.503 0.458 0.133 0.136
4 0.516 0.383 0.116 0.119
10 0.286 0.411 0.122 0.213
15 0.369 0.403 0.109 0.185
4 0.4 0.35 0.085 0.102
4 0.281 0.302 0.072 0.078
4 0.203 0.327 0.069 0.113
3 0.533 0.269 0.226 0.244
9 0.351 0.245 0.031 0.055
2 0.965 0.489 0.062 0.081
20 0.893 0.436 0.119 0.108
4 0.221 0.236 0.053 0.094
3 0.264 0.181 0.106 0.159
9 0.342 0.175 0.016 0.048
17 0.153 0.255 0.033 0.074
4 0.138 0.212 0.047 0.066
9 0.106 0.196 0.014 0.04
4 0.126 0.149 0.032 0.051
4 0.102 0.133 0.02 0.042
4 0.082 0.126 0.024 0.039
17 0.203 0.147 0.021 0.047
10 0.323 0.174 0.028 0.069
3 0.287 0.113 0.067 0.071
3 0.179 0.077 0.044 0.059
3 0.145 0.047 0.03 0.055
4 0.12 0.103 0.021 0.032
4 0.066 0.105 0.013 0.036
4 0.177 0.878 0.186 0.244
4 0.035 0.91 0.062 0.165
9 0.139 0.691 0.088 0.145
4 0.102 0.547 0.115 0.176
4 0.017 0.621 0.032 0.18
4 0.088 0.429 0.091 0.114
4 0.017 0.44 0.034 0.129
4 0.069 0.351 0.066 0.085
4 0.015 0.34 0.029 0.093
19 0.05 0.268 0.068 0.1
4 0.036 0.211 0.043 0.066
4 0.02 0.155 0.026 0.034
4 0.026 0.173 0.034 0.024
4 0.018 0.134 0.025 0.03
4 0.01 0.088 0.015 0.02
