17 0.083 0.214 0.073 0.185
17 0.155 0.241 0.113 0.203
17 0.198 0.269 0.178 0.224
17 0.28 0.2 0.109 0.144
17 0.341 0.184 0.04 0.125
17 0.39 0.206 0.111 0.125
17 0.479 0.194 0.082 0.142
17 0.569 0.196 0.104 0.108
17 0.656 0.194 0.072 0.112
17 0.358 0.627 0.547 0.746
17 0.565 0.402 0.219 0.38
17 0.781 0.568 0.252 0.664
17 0.905 0.388 0.134 0.338
17 0.957 0.275 0.086 0.155
17 0.81 0.197 0.042 0.11
17 0.736 0.166 0.068 0.056
17 0.658 0.19 0.081 0.085
17 0.568 0.181 0.098 0.08
17 0.39 0.21 0.105 0.119
3 0.45 0.112 0.084 0.089
3 0.622 0.109 0.182 0.096
3 0.833 0.136 0.255 0.149
3 0.978 0.119 0.041 0.112
3 0.985 0.138 0.031 0.084
3 0.738 0.301 0.171 0.204
4 0.749 0.21 0.133 0.068
