17 0.515 0.652 0.358 0.695
17 0.803 0.516 0.233 0.503
17 0.141 0.479 0.281 0.479
17 0.215 0.355 0.172 0.304
17 0.096 0.243 0.173 0.084
17 0.034 0.179 0.064 0.059
17 0.079 0.167 0.046 0.051
17 0.124 0.181 0.102 0.078
17 0.227 0.189 0.097 0.06
17 0.344 0.302 0.103 0.253
17 0.35 0.165 0.086 0.066
17 0.453 0.288 0.136 0.231
17 0.566 0.237 0.082 0.155
17 0.627 0.178 0.074 0.054
17 0.645 0.28 0.161 0.163
17 0.721 0.217 0.105 0.093
17 0.792 0.201 0.089 0.077
17 0.8 0.163 0.069 0.062
17 0.876 0.18 0.061 0.054
17 0.901 0.297 0.094 0.231
17 0.822 0.252 0.17 0.106
19 0.617 0.15 0.101 0.075
4 0.983 0.207 0.034 0.077
3 0.741 0.154 0.052 0.062
