11 0.801 0.914 0.09 0.166
13 0.624 0.828 0.028 0.108
13 0.561 0.722 0.018 0.07
13 0.616 0.761 0.019 0.076
13 0.567 0.62 0.01 0.038
13 0.562 0.577 0.007 0.026
1 0.59 0.779 0.031 0.108
1 0.535 0.712 0.022 0.079
1 0.557 0.665 0.016 0.041
1 0.556 0.622 0.011 0.041
4 0.637 0.752 0.032 0.077
9 0.766 0.83 0.041 0.034
9 0.755 0.805 0.041 0.042
9 0.743 0.8 0.043 0.045
9 0.732 0.788 0.039 0.045
9 0.694 0.74 0.023 0.029
4 0.659 0.718 0.072 0.057
4 0.639 0.701 0.056 0.043
4 0.539 0.583 0.013 0.023
4 0.537 0.563 0.01 0.014
10 0.591 0.636 0.026 0.066
19 0.631 0.677 0.071 0.054
0 0.614 0.615 0.018 0.047
19 0.526 0.612 0.018 0.042
19 0.588 0.573 0.012 0.029
13 0.558 0.541 0.005 0.013
19 0.545 0.527 0.006 0.014
18 0.549 0.506 0.007 0.022
10 0.576 0.547 0.007 0.016
13 0.569 0.544 0.006 0.017
13 0.554 0.537 0.005 0.015
18 0.57 0.524 0.011 0.018
9 0.035 0.839 0.025 0.058
1 0.1 0.901 0.062 0.141
1 0.163 0.896 0.066 0.138
1 0.17 0.829 0.073 0.066
13 0.256 0.789 0.031 0.081
9 0.215 0.782 0.031 0.048
2 0.182 0.779 0.036 0.035
9 0.231 0.717 0.019 0.036
4 0.259 0.726 0.046 0.06
1 0.341 0.738 0.027 0.084
4 0.354 0.681 0.033 0.047
19 0.374 0.631 0.017 0.045
13 0.407 0.637 0.006 0.046
3 0.445 0.588 0.031 0.068
4 0.464 0.573 0.006 0.02
4 0.523 0.548 0.007 0.013
