4 0.318 0.962 0.066 0.072
4 0.351 0.92 0.05 0.084
4 0.396 0.847 0.037 0.068
4 0.407 0.811 0.031 0.052
13 0.47 0.871 0.024 0.075
13 0.534 0.768 0.017 0.055
13 0.492 0.72 0.014 0.041
13 0.532 0.714 0.013 0.041
13 0.515 0.692 0.011 0.035
13 0.505 0.688 0.009 0.036
13 0.475 0.683 0.01 0.033
13 0.441 0.681 0.01 0.032
1 0.464 0.682 0.01 0.031
1 0.488 0.665 0.01 0.03
1 0.506 0.658 0.013 0.019
1 0.543 0.696 0.023 0.04
1 0.436 0.658 0.008 0.023
1 0.453 0.648 0.009 0.022
18 0.475 0.638 0.024 0.041
3 0.509 0.616 0.031 0.039
3 0.471 0.615 0.031 0.02
11 0.699 0.91 0.056 0.174
1 0.725 0.883 0.036 0.11
1 0.703 0.805 0.036 0.046
1 0.731 0.735 0.022 0.048
1 0.718 0.699 0.032 0.045
13 0.631 0.729 0.015 0.056
10 0.686 0.716 0.029 0.046
1 0.801 0.956 0.063 0.088
13 0.779 0.908 0.032 0.1
13 0.864 0.953 0.04 0.092
4 0.936 0.939 0.114 0.086
4 0.891 0.872 0.103 0.059
19 0.866 0.839 0.098 0.097
14 0.748 0.814 0.017 0.046
9 0.764 0.759 0.012 0.026
4 0.719 0.782 0.037 0.061
1 0.756 0.704 0.019 0.047
18 0.744 0.663 0.025 0.06
9 0.76 0.809 0.007 0.039
