1 0.055 0.934 0.08 0.13
1 0.144 0.902 0.079 0.118
2 0.059 0.852 0.04 0.038
2 0.156 0.802 0.031 0.037
9 0.19 0.802 0.031 0.045
9 0.201 0.794 0.027 0.042
9 0.207 0.781 0.034 0.05
9 0.206 0.737 0.015 0.034
9 0.255 0.705 0.014 0.023
4 0.237 0.742 0.051 0.059
2 0.26 0.688 0.021 0.025
13 0.374 0.684 0.016 0.051
8 0.404 0.663 0.039 0.051
17 0.383 0.627 0.014 0.03
3 0.428 0.598 0.029 0.061
9 0.459 0.602 0.005 0.027
13 0.477 0.577 0.007 0.024
2 0.489 0.556 0.003 0.018
3 0.474 0.55 0.012 0.026
4 0.471 0.727 0.032 0.06
1 0.537 0.813 0.03 0.121
13 0.595 0.827 0.027 0.108
13 0.584 0.762 0.025 0.081
13 0.57 0.747 0.015 0.073
13 0.567 0.71 0.016 0.036
13 0.541 0.688 0.015 0.064
13 0.538 0.654 0.013 0.046
2 0.528 0.723 0.009 0.042
11 0.764 0.908 0.089 0.168
9 0.735 0.819 0.033 0.041
9 0.728 0.806 0.043 0.034
9 0.709 0.792 0.029 0.042
9 0.691 0.784 0.011 0.038
9 0.67 0.736 0.022 0.017
4 0.611 0.751 0.032 0.076
4 0.588 0.708 0.023 0.034
4 0.636 0.711 0.069 0.05
4 0.596 0.692 0.047 0.025
19 0.612 0.669 0.068 0.039
0 0.597 0.613 0.017 0.043
10 0.573 0.638 0.023 0.068
19 0.574 0.574 0.011 0.027
1 0.545 0.572 0.009 0.026
3 0.526 0.55 0.012 0.04
13 0.556 0.546 0.005 0.016
10 0.535 0.545 0.005 0.017
9 0.541 0.513 0.002 0.008
13 0.553 0.565 0.006 0.021
