1 0.068 0.823 0.129 0.22
1 0.227 0.735 0.097 0.189
9 0.122 0.681 0.053 0.068
9 0.138 0.569 0.046 0.06
4 0.205 0.578 0.099 0.101
13 0.322 0.601 0.048 0.142
13 0.326 0.512 0.037 0.032
13 0.457 0.503 0.032 0.096
13 0.527 0.432 0.025 0.065
13 0.496 0.446 0.031 0.078
13 0.498 0.377 0.023 0.049
1 0.472 0.475 0.039 0.093
19 0.424 0.409 0.054 0.089
17 0.458 0.376 0.026 0.055
2 0.054 0.685 0.068 0.054
9 0.609 0.442 0.02 0.072
1 0.597 0.349 0.007 0.06
4 0.558 0.295 0.046 0.033
13 0.608 0.314 0.017 0.042
13 0.636 0.31 0.017 0.049
3 0.623 0.274 0.041 0.078
3 0.609 0.237 0.033 0.04
18 0.72 0.48 0.081 0.222
18 0.775 0.206 0.021 0.04
4 0.726 0.218 0.013 0.017
4 0.725 0.203 0.011 0.012
4 0.725 0.186 0.009 0.016
1 0.741 0.202 0.01 0.021
10 0.798 0.247 0.016 0.029
2 0.764 0.258 0.007 0.02
2 0.76 0.242 0.005 0.015
13 0.776 0.296 0.016 0.045
13 0.783 0.288 0.012 0.041
13 0.787 0.384 0.022 0.077
13 0.81 0.377 0.02 0.072
13 0.828 0.529 0.035 0.114
13 0.852 0.615 0.045 0.153
13 0.888 0.559 0.034 0.111
13 0.917 0.546 0.032 0.128
13 0.942 0.851 0.068 0.256
13 0.979 0.642 0.041 0.16
4 0.97 0.515 0.06 0.075
19 0.956 0.476 0.089 0.099
10 0.879 0.411 0.049 0.118
0 0.91 0.362 0.038 0.069
19 0.883 0.336 0.02 0.038
19 0.836 0.292 0.025 0.045
19 0.826 0.275 0.017 0.033
1 0.811 0.305 0.02 0.05
