18 0.483 0.833 0.109 0.335
19 0.778 0.928 0.101 0.145
1 0.107 0.785 0.065 0.142
1 0.167 0.733 0.064 0.127
1 0.242 0.688 0.047 0.107
9 0.197 0.658 0.03 0.049
9 0.204 0.638 0.03 0.034
9 0.2 0.593 0.024 0.038
4 0.232 0.601 0.049 0.063
13 0.288 0.614 0.024 0.079
13 0.327 0.631 0.024 0.084
13 0.355 0.566 0.018 0.052
13 0.336 0.562 0.018 0.053
13 0.366 0.53 0.015 0.046
13 0.373 0.502 0.012 0.04
19 0.337 0.509 0.028 0.048
1 0.388 0.524 0.018 0.047
13 0.425 0.472 0.009 0.032
3 0.43 0.445 0.021 0.05
17 0.354 0.496 0.014 0.037
18 0.481 0.47 0.023 0.068
13 0.513 0.54 0.013 0.055
13 0.529 0.546 0.014 0.052
13 0.502 0.466 0.008 0.031
13 0.515 0.473 0.009 0.03
13 0.499 0.443 0.007 0.019
1 0.509 0.454 0.008 0.027
19 0.534 0.456 0.011 0.026
19 0.528 0.446 0.01 0.023
10 0.551 0.519 0.025 0.062
0 0.567 0.496 0.018 0.042
13 0.555 0.602 0.017 0.062
1 0.544 0.685 0.033 0.117
13 0.577 0.721 0.027 0.121
13 0.614 0.72 0.029 0.114
13 0.601 0.667 0.02 0.096
13 0.578 0.627 0.022 0.071
9 0.361 0.662 0.021 0.079
11 0.801 0.79 0.096 0.164
9 0.732 0.687 0.039 0.04
9 0.753 0.699 0.039 0.04
9 0.713 0.667 0.041 0.052
9 0.675 0.627 0.033 0.038
4 0.615 0.632 0.034 0.067
4 0.629 0.594 0.072 0.043
4 0.606 0.58 0.053 0.037
19 0.597 0.562 0.069 0.051
13 0.505 0.441 0.006 0.019
10 0.516 0.43 0.007 0.018
18 0.505 0.406 0.011 0.024
