3 0.465 0.935 0.034 0.13
3 0.438 0.836 0.033 0.127
3 0.438 0.709 0.036 0.08
3 0.445 0.619 0.024 0.065
3 0.41 0.619 0.019 0.067
3 0.43 0.577 0.019 0.059
3 0.37 0.413 0.016 0.047
3 0.358 0.278 0.01 0.021
13 0.49 0.992 0.011 0.011
4 0.492 0.919 0.025 0.048
17 0.48 0.873 0.017 0.041
10 0.462 0.798 0.028 0.046
13 0.424 0.66 0.009 0.019
9 0.423 0.628 0.004 0.012
9 0.395 0.541 0.005 0.015
9 0.391 0.487 0.005 0.015
17 0.388 0.603 0.011 0.027
17 0.384 0.566 0.009 0.024
13 0.377 0.448 0.008 0.018
13 0.383 0.439 0.005 0.017
4 0.392 0.45 0.011 0.019
4 0.383 0.399 0.009 0.016
10 0.359 0.302 0.009 0.019
4 0.344 0.273 0.006 0.011
4 0.358 0.238 0.004 0.006
