4 0.161 0.96 0.143 0.08
4 0.244 0.902 0.116 0.115
4 0.495 0.735 0.064 0.071
4 0.344 0.796 0.09 0.103
4 0.374 0.745 0.074 0.086
1 0.531 0.643 0.036 0.077
1 0.454 0.553 0.029 0.051
1 0.507 0.548 0.022 0.053
1 0.468 0.495 0.022 0.04
1 0.434 0.5 0.013 0.038
1 0.448 0.471 0.017 0.016
13 0.495 0.528 0.009 0.036
0 0.559 0.504 0.032 0.045
2 0.539 0.542 0.009 0.025
2 0.56 0.54 0.009 0.031
2 0.573 0.546 0.008 0.023
18 0.437 0.43 0.04 0.035
3 0.531 0.443 0.068 0.042
13 0.61 0.59 0.026 0.065
1 0.677 0.575 0.022 0.061
2 0.687 0.597 0.022 0.032
2 0.701 0.592 0.009 0.03
9 0.714 0.587 0.019 0.049
1 0.824 0.598 0.04 0.065
19 0.814 0.528 0.048 0.046
9 0.959 0.62 0.02 0.059
2 0.959 0.67 0.015 0.048
1 0.985 0.596 0.03 0.06
10 0.913 0.835 0.126 0.269
9 0.983 0.872 0.022 0.088
4 0.989 0.712 0.022 0.073
