9 0.588 0.765 0.801 0.47
3 0.077 0.39 0.148 0.1
17 0.247 0.397 0.022 0.032
13 0.274 0.392 0.012 0.029
3 0.334 0.361 0.092 0.1
3 0.407 0.36 0.04 0.063
3 0.43 0.348 0.009 0.02
17 0.463 0.376 0.012 0.025
12 0.44 0.373 0.024 0.034
4 0.535 0.374 0.012 0.017
3 0.548 0.369 0.014 0.031
17 0.566 0.377 0.01 0.018
4 0.585 0.375 0.015 0.019
6 0.654 0.376 0.027 0.038
3 0.616 0.368 0.043 0.029
13 0.61 0.377 0.007 0.019
13 0.688 0.381 0.013 0.033
13 0.675 0.379 0.011 0.027
9 0.771 0.396 0.025 0.027
9 0.755 0.388 0.013 0.031
