13 0.044 0.696 0.05 0.215
13 0.653 0.707 0.054 0.208
13 0.534 0.603 0.044 0.158
4 0.12 0.575 0.063 0.122
4 0.016 0.555 0.027 0.119
4 0.059 0.464 0.051 0.095
4 0.076 0.405 0.043 0.055
4 0.699 0.604 0.134 0.103
4 0.66 0.526 0.113 0.101
19 0.63 0.463 0.113 0.117
3 0.447 0.415 0.107 0.362
1 0.19 0.462 0.034 0.117
1 0.261 0.328 0.022 0.079
13 0.169 0.383 0.02 0.088
13 0.158 0.351 0.016 0.08
1 0.124 0.238 0.017 0.047
1 0.153 0.177 0.014 0.032
1 0.132 0.187 0.012 0.036
13 0.158 0.233 0.018 0.04
13 0.171 0.227 0.014 0.042
2 0.19 0.299 0.007 0.032
2 0.183 0.316 0.007 0.034
1 0.121 0.192 0.013 0.031
3 0.169 0.139 0.041 0.039
10 0.367 0.367 0.05 0.168
1 0.763 0.864 0.124 0.248
9 0.762 0.676 0.066 0.098
9 0.52 0.358 0.016 0.039
9 0.497 0.249 0.008 0.037
1 0.5 0.236 0.03 0.041
9 0.511 0.418 0.009 0.07
