4 0.49 0.916 0.024 0.047
4 0.395 0.462 0.009 0.018
4 0.383 0.399 0.008 0.014
4 0.351 0.29 0.006 0.011
3 0.467 0.945 0.036 0.104
3 0.441 0.859 0.035 0.125
17 0.475 0.862 0.014 0.036
10 0.453 0.796 0.031 0.041
3 0.438 0.713 0.031 0.077
3 0.414 0.639 0.019 0.068
3 0.447 0.628 0.023 0.064
3 0.432 0.581 0.022 0.057
13 0.428 0.662 0.006 0.019
9 0.43 0.629 0.006 0.021
17 0.397 0.597 0.009 0.027
17 0.388 0.584 0.008 0.026
13 0.496 0.985 0.014 0.027
9 0.398 0.529 0.006 0.018
9 0.397 0.484 0.004 0.016
13 0.381 0.461 0.006 0.017
3 0.375 0.426 0.015 0.045
3 0.364 0.292 0.009 0.019
