9 0.585 0.8 0.715 0.397
17 0.101 0.429 0.054 0.073
13 0.204 0.432 0.081 0.162
10 0.229 0.403 0.108 0.101
3 0.327 0.34 0.141 0.163
12 0.424 0.364 0.039 0.075
3 0.416 0.311 0.043 0.037
9 0.956 0.427 0.062 0.133
9 0.912 0.403 0.021 0.037
9 0.857 0.392 0.023 0.03
13 0.835 0.381 0.019 0.042
13 0.812 0.378 0.021 0.053
13 0.757 0.373 0.014 0.031
17 0.663 0.369 0.019 0.03
17 0.64 0.367 0.022 0.023
17 0.618 0.364 0.014 0.021
3 0.645 0.343 0.051 0.025
3 0.711 0.358 0.078 0.051
4 0.783 0.375 0.024 0.036
13 0.704 0.37 0.017 0.019
13 0.686 0.366 0.018 0.023
13 0.74 0.368 0.014 0.023
