17 0.316 0.654 0.238 0.56
4 0.53 0.562 0.214 0.358
4 0.67 0.537 0.307 0.317
10 0.841 0.763 0.317 0.447
4 0.16 0.431 0.136 0.201
13 0.589 0.351 0.072 0.088
13 0.82 0.45 0.143 0.215
17 0.465 0.356 0.096 0.107
17 0.366 0.342 0.069 0.107
13 0.43 0.332 0.035 0.077
13 0.259 0.306 0.025 0.048
13 0.299 0.302 0.031 0.048
4 0.225 0.357 0.078 0.094
17 0.371 0.347 0.048 0.097
13 0.216 0.299 0.02 0.047
13 0.283 0.303 0.019 0.044
4 0.171 0.322 0.052 0.056
17 0.177 0.294 0.034 0.035
10 0.414 0.333 0.05 0.093
4 0.128 0.294 0.031 0.029
4 0.116 0.346 0.062 0.083
3 0.146 0.262 0.028 0.05
10 0.112 0.253 0.043 0.076
3 0.078 0.257 0.031 0.049
