3 0.351 0.46 0.114 0.231
3 0.623 0.475 0.183 0.234
4 0.876 0.789 0.135 0.199
8 0.738 0.737 0.105 0.229
4 0.934 0.711 0.132 0.162
4 0.879 0.569 0.103 0.132
17 0.402 0.731 0.077 0.198
15 0.53 0.823 0.139 0.234
17 0.648 0.836 0.111 0.231
9 0.516 0.592 0.039 0.125
4 0.817 0.658 0.099 0.155
17 0.184 0.88 0.083 0.191
17 0.149 0.947 0.106 0.106
4 0.76 0.581 0.105 0.091
4 0.952 0.899 0.096 0.194
4 0.602 0.681 0.119 0.144
4 0.648 0.589 0.101 0.107
4 0.438 0.585 0.076 0.13
19 0.091 0.776 0.176 0.213
17 0.274 0.659 0.066 0.156
17 0.327 0.575 0.054 0.107
