13 0.492 0.587 0.121 0.387
13 0.593 0.47 0.049 0.203
3 0.807 0.486 0.386 0.817
3 0.415 0.375 0.193 0.236
4 0.282 0.448 0.117 0.152
9 0.227 0.394 0.027 0.093
17 0.044 0.512 0.087 0.247
17 0.105 0.41 0.05 0.119
8 0.127 0.365 0.049 0.069
3 0.065 0.334 0.061 0.081
3 0.113 0.317 0.034 0.044
3 0.148 0.325 0.026 0.058
13 0.016 0.369 0.03 0.056
13 0.033 0.36 0.022 0.042
2 0.061 0.356 0.019 0.045
17 0.209 0.332 0.01 0.024
13 0.29 0.361 0.026 0.052
17 0.314 0.363 0.019 0.062
19 0.26 0.358 0.028 0.054
17 0.234 0.332 0.014 0.024
17 0.586 0.387 0.047 0.084
4 0.197 0.33 0.01 0.019
