6 0.49 0.683 0.077 0.085
17 0.565 0.863 0.06 0.074
17 0.529 0.901 0.065 0.066
17 0.607 0.83 0.055 0.069
10 0.3 0.666 0.076 0.071
17 0.149 0.83 0.063 0.073
17 0.095 0.89 0.077 0.071
17 0.152 0.905 0.068 0.074
17 0.621 0.594 0.046 0.058
17 0.662 0.621 0.047 0.055
17 0.578 0.64 0.05 0.055
17 0.665 0.675 0.051 0.056
17 0.629 0.72 0.052 0.056
17 0.694 0.709 0.053 0.053
17 0.721 0.663 0.054 0.061
19 0.817 0.629 0.067 0.097
17 0.485 0.767 0.058 0.066
13 0.306 0.855 0.054 0.068
4 0.413 0.669 0.086 0.076
8 0.406 0.74 0.094 0.084
4 0.392 0.815 0.096 0.085
17 0.28 0.536 0.038 0.06
17 0.072 0.532 0.055 0.058
17 0.93 0.589 0.043 0.065
4 0.95 0.672 0.052 0.115
17 0.696 0.579 0.043 0.055
17 0.718 0.535 0.036 0.052
17 0.753 0.521 0.037 0.065
17 0.728 0.489 0.036 0.048
17 0.766 0.472 0.029 0.053
17 0.826 0.501 0.031 0.063
19 0.703 0.785 0.105 0.115
10 0.334 0.19 0.046 0.061
4 0.934 0.8 0.066 0.145
17 0.764 0.635 0.044 0.068
17 0.823 0.56 0.039 0.058
4 0.653 0.545 0.069 0.061
15 0.534 0.614 0.088 0.076
4 0.551 0.713 0.085 0.081
15 0.778 0.723 0.087 0.095
15 0.88 0.456 0.042 0.085
8 0.93 0.47 0.042 0.089
4 0.325 0.536 0.041 0.085
20 0.315 0.585 0.06 0.056
4 0.061 0.584 0.093 0.077
9 0.217 0.8 0.045 0.055
17 0.861 0.336 0.04 0.053
4 0.477 0.281 0.047 0.04
4 0.359 0.403 0.033 0.065
4 0.402 0.355 0.039 0.058
4 0.805 0.458 0.03 0.081
4 0.782 0.402 0.046 0.061
4 0.739 0.438 0.03 0.069
8 0.718 0.35 0.045 0.071
15 0.906 0.525 0.037 0.089
3 0.873 0.214 0.031 0.076
4 0.666 0.273 0.052 0.05
4 0.784 0.307 0.055 0.053
4 0.836 0.397 0.045 0.068
12 0.228 0.439 0.041 0.081
