9 0.19 0.552 0.084 0.231
2 0.356 0.525 0.06 0.208
3 0.458 0.208 0.154 0.163
3 0.706 0.284 0.148 0.197
13 0.51 0.456 0.085 0.17
13 0.459 0.599 0.087 0.283
9 0.449 0.385 0.058 0.138
4 0.199 0.451 0.211 0.209
9 0.586 0.305 0.037 0.069
13 0.142 0.847 0.181 0.306
13 0.265 0.244 0.078 0.106
7 0.902 0.17 0.061 0.072
7 0.847 0.16 0.056 0.062
4 0.577 0.408 0.099 0.156
8 0.601 0.269 0.095 0.124
13 0.88 0.444 0.097 0.157
13 0.365 0.906 0.16 0.187
13 0.445 0.874 0.153 0.252
13 0.493 0.81 0.157 0.327
13 0.579 0.768 0.13 0.291
13 0.613 0.716 0.14 0.27
13 0.751 0.545 0.117 0.161
13 0.695 0.556 0.101 0.121
13 0.82 0.504 0.094 0.198
13 0.034 0.347 0.063 0.134
