4 0.422 0.566 0.082 0.131
4 0.317 0.771 0.127 0.196
9 0.577 0.792 0.055 0.194
17 0.49 0.744 0.08 0.203
9 0.652 0.709 0.046 0.178
3 0.643 0.401 0.08 0.219
19 0.631 0.511 0.071 0.162
2 0.837 0.753 0.044 0.174
4 0.692 0.892 0.152 0.216
17 0.437 0.467 0.051 0.103
9 0.728 0.763 0.043 0.147
3 0.55 0.302 0.073 0.136
4 0.439 0.37 0.048 0.066
4 0.66 0.622 0.093 0.151
9 0.722 0.442 0.028 0.1
10 0.531 0.472 0.101 0.204
4 0.046 0.677 0.091 0.159
9 0.703 0.423 0.024 0.1
13 0.695 0.288 0.026 0.072
17 0.592 0.305 0.021 0.063
3 0.621 0.168 0.034 0.061
3 0.571 0.16 0.036 0.05
