3 0.487 0.455 0.105 0.244
3 0.725 0.394 0.073 0.198
17 0.717 0.645 0.072 0.172
3 0.85 0.656 0.209 0.467
13 0.842 0.439 0.034 0.073
13 0.957 0.426 0.057 0.096
13 0.347 0.597 0.053 0.145
3 0.221 0.484 0.145 0.234
3 0.081 0.531 0.161 0.302
4 0.578 0.308 0.03 0.052
4 0.578 0.261 0.027 0.035
13 0.773 0.318 0.021 0.056
6 0.844 0.299 0.03 0.067
6 0.764 0.252 0.028 0.056
13 0.751 0.278 0.021 0.055
17 0.457 0.339 0.034 0.063
3 0.412 0.31 0.079 0.119
3 0.441 0.241 0.046 0.07
3 0.549 0.227 0.029 0.068
13 0.362 0.327 0.027 0.056
