4 0.348 0.911 0.177 0.163
15 0.479 0.831 0.182 0.193
4 0.294 0.728 0.129 0.131
4 0.202 0.759 0.122 0.142
13 0.117 0.789 0.095 0.176
4 0.155 0.581 0.067 0.089
13 0.628 0.764 0.122 0.134
13 0.671 0.71 0.128 0.162
13 0.752 0.702 0.092 0.115
13 0.893 0.715 0.098 0.144
13 0.789 0.667 0.094 0.131
13 0.888 0.617 0.034 0.085
4 0.553 0.568 0.054 0.096
15 0.59 0.543 0.049 0.089
4 0.352 0.533 0.046 0.08
4 0.413 0.538 0.039 0.089
15 0.463 0.534 0.04 0.086
4 0.523 0.522 0.042 0.069
19 0.581 0.478 0.037 0.068
4 0.52 0.476 0.035 0.036
4 0.474 0.501 0.04 0.068
8 0.476 0.463 0.035 0.057
4 0.409 0.493 0.034 0.051
19 0.432 0.458 0.034 0.076
4 0.362 0.494 0.041 0.06
10 0.366 0.44 0.036 0.069
17 0.399 0.468 0.021 0.051
4 0.037 0.5 0.058 0.047
11 0.117 0.444 0.096 0.107
13 0.041 0.707 0.079 0.156
17 0.576 0.439 0.021 0.021
17 0.564 0.432 0.019 0.035
17 0.544 0.42 0.022 0.03
4 0.54 0.455 0.029 0.047
4 0.554 0.473 0.024 0.044
17 0.506 0.463 0.021 0.048
8 0.466 0.444 0.031 0.063
10 0.46 0.396 0.023 0.052
19 0.485 0.386 0.021 0.034
19 0.502 0.425 0.027 0.055
0 0.528 0.387 0.024 0.038
4 0.526 0.421 0.018 0.035
3 0.499 0.328 0.019 0.036
3 0.481 0.335 0.02 0.037
4 0.49 0.365 0.014 0.009
6 0.424 0.381 0.018 0.033
17 0.444 0.401 0.012 0.036
8 0.428 0.415 0.027 0.043
4 0.393 0.42 0.019 0.033
4 0.393 0.398 0.02 0.014
8 0.396 0.381 0.021 0.039
15 0.406 0.363 0.018 0.022
10 0.42 0.333 0.015 0.023
17 0.311 0.394 0.016 0.031
8 0.391 0.321 0.013 0.016
19 0.428 0.356 0.016 0.024
18 0.457 0.37 0.022 0.024
19 0.451 0.345 0.013 0.02
17 0.463 0.354 0.01 0.008
8 0.51 0.374 0.017 0.039
