10 0.458 0.921 0.155 0.15
4 0.703 0.743 0.107 0.181
4 0.755 0.597 0.096 0.117
4 0.584 0.643 0.059 0.117
4 0.414 0.566 0.05 0.087
4 0.434 0.497 0.045 0.065
4 0.574 0.453 0.031 0.058
4 0.558 0.409 0.024 0.043
4 0.604 0.435 0.027 0.045
4 0.562 0.384 0.022 0.031
4 0.484 0.389 0.023 0.036
4 0.422 0.824 0.109 0.207
4 0.211 0.682 0.106 0.117
4 0.317 0.511 0.055 0.07
4 0.194 0.533 0.073 0.064
4 0.33 0.439 0.039 0.037
4 0.068 0.626 0.114 0.109
4 0.068 0.896 0.128 0.194
4 0.57 0.361 0.019 0.021
4 0.557 0.358 0.014 0.021
4 0.522 0.328 0.013 0.018
4 0.458 0.313 0.01 0.01
15 0.446 0.426 0.028 0.047
4 0.521 0.398 0.022 0.033
17 0.64 0.92 0.091 0.16
17 0.558 0.819 0.066 0.206
17 0.55 0.571 0.038 0.099
17 0.545 0.461 0.023 0.058
17 0.456 0.402 0.016 0.03
17 0.492 0.416 0.017 0.044
17 0.515 0.41 0.017 0.035
17 0.536 0.423 0.019 0.044
17 0.544 0.369 0.014 0.029
17 0.53 0.364 0.012 0.031
17 0.514 0.37 0.013 0.029
17 0.51 0.362 0.013 0.027
17 0.111 0.657 0.069 0.12
17 0.213 0.563 0.046 0.087
17 0.258 0.581 0.049 0.096
17 0.258 0.513 0.041 0.056
17 0.317 0.411 0.019 0.037
4 0.283 0.48 0.047 0.054
4 0.347 0.468 0.04 0.051
3 0.369 0.373 0.045 0.066
17 0.396 0.363 0.011 0.024
17 0.469 0.362 0.014 0.03
3 0.541 0.297 0.018 0.029
3 0.545 0.335 0.019 0.044
3 0.562 0.317 0.021 0.044
3 0.516 0.296 0.014 0.02
10 0.495 0.294 0.011 0.022
10 0.485 0.327 0.012 0.028
19 0.476 0.345 0.017 0.026
19 0.489 0.366 0.02 0.032
19 0.495 0.347 0.014 0.028
19 0.515 0.339 0.014 0.026
4 0.429 0.344 0.015 0.022
19 0.503 0.587 0.056 0.139
19 0.608 0.547 0.063 0.124
0 0.658 0.49 0.057 0.099
13 0.852 0.588 0.069 0.115
13 0.923 0.606 0.068 0.121
15 0.595 0.387 0.026 0.039
4 0.587 0.372 0.018 0.027
8 0.565 0.336 0.015 0.022
10 0.504 0.313 0.013 0.013
19 0.387 0.645 0.079 0.167
19 0.46 0.453 0.032 0.074
8 0.291 0.437 0.044 0.051
4 0.016 0.732 0.031 0.074
17 0.594 0.466 0.027 0.042
9 0.618 0.456 0.016 0.056
9 0.489 0.676 0.04 0.113
2 0.311 0.652 0.013 0.055
11 0.198 0.447 0.09 0.107
15 0.393 0.387 0.023 0.024
15 0.127 0.501 0.053 0.057
9 0.367 0.413 0.013 0.038
9 0.744 0.932 0.057 0.125
