0 0.767 0.559 0.132 0.167
19 0.732 0.8 0.148 0.314
4 0.629 0.924 0.115 0.142
9 0.41 0.792 0.057 0.166
19 0.511 0.797 0.101 0.301
19 0.308 0.881 0.147 0.234
8 0.494 0.364 0.027 0.05
19 0.461 0.461 0.039 0.087
19 0.468 0.329 0.02 0.04
17 0.61 0.744 0.067 0.176
17 0.671 0.599 0.057 0.109
17 0.579 0.581 0.043 0.117
17 0.555 0.465 0.028 0.073
4 0.601 0.512 0.049 0.088
4 0.646 0.475 0.047 0.073
4 0.583 0.4 0.032 0.051
4 0.586 0.445 0.037 0.062
4 0.535 0.411 0.034 0.046
4 0.497 0.419 0.03 0.05
15 0.441 0.435 0.035 0.065
4 0.427 0.525 0.053 0.094
4 0.392 0.655 0.076 0.145
4 0.21 0.66 0.103 0.123
4 0.169 0.617 0.089 0.109
4 0.238 0.52 0.072 0.075
4 0.223 0.49 0.062 0.074
4 0.278 0.429 0.049 0.054
4 0.479 0.394 0.027 0.047
4 0.572 0.349 0.019 0.029
17 0.502 0.443 0.026 0.047
17 0.531 0.441 0.024 0.052
17 0.522 0.359 0.016 0.043
17 0.548 0.368 0.02 0.042
17 0.542 0.353 0.016 0.038
17 0.513 0.334 0.014 0.032
17 0.468 0.346 0.015 0.033
17 0.53 0.339 0.013 0.034
17 0.494 0.334 0.017 0.015
17 0.517 0.35 0.015 0.034
17 0.285 0.452 0.032 0.063
17 0.319 0.424 0.029 0.053
17 0.36 0.421 0.023 0.055
17 0.147 0.515 0.057 0.073
9 0.192 0.91 0.079 0.175
11 0.203 0.42 0.085 0.108
4 0.339 0.459 0.047 0.059
15 0.292 0.526 0.066 0.078
4 0.081 0.885 0.157 0.219
4 0.067 0.635 0.111 0.117
4 0.324 0.385 0.02 0.027
4 0.369 0.368 0.028 0.033
4 0.378 0.391 0.026 0.038
4 0.392 0.35 0.023 0.028
3 0.413 0.312 0.034 0.049
17 0.384 0.332 0.015 0.029
8 0.346 0.358 0.029 0.043
9 0.316 0.349 0.015 0.032
4 0.457 0.282 0.011 0.019
9 0.443 0.287 0.006 0.013
4 0.467 0.274 0.009 0.011
10 0.487 0.295 0.013 0.024
19 0.487 0.321 0.017 0.031
4 0.502 0.313 0.014 0.024
19 0.527 0.299 0.011 0.021
3 0.545 0.307 0.022 0.06
3 0.567 0.284 0.02 0.049
3 0.545 0.262 0.018 0.031
15 0.132 0.475 0.049 0.07
15 0.611 0.373 0.028 0.047
4 0.599 0.355 0.022 0.036
4 0.575 0.332 0.021 0.028
4 0.584 0.323 0.022 0.021
19 0.569 0.304 0.014 0.026
13 0.861 0.549 0.059 0.113
13 0.917 0.554 0.04 0.106
9 0.672 0.513 0.026 0.063
9 0.702 0.523 0.021 0.088
4 0.955 0.673 0.089 0.113
18 0.507 0.52 0.055 0.119
8 0.506 0.282 0.01 0.011
8 0.521 0.282 0.01 0.016
3 0.52 0.262 0.013 0.02
3 0.498 0.259 0.01 0.021
8 0.495 0.281 0.01 0.014
4 0.956 0.678 0.087 0.119
