10 0.178 0.685 0.167 0.394
4 0.388 0.729 0.123 0.274
8 0.491 0.559 0.098 0.257
17 0.635 0.83 0.101 0.302
19 0.719 0.675 0.163 0.314
10 0.521 0.42 0.072 0.121
4 0.591 0.4 0.061 0.111
17 0.675 0.379 0.059 0.112
4 0.695 0.494 0.095 0.12
17 0.604 0.291 0.036 0.08
9 0.618 0.342 0.025 0.081
8 0.506 0.299 0.056 0.106
4 0.439 0.326 0.055 0.095
10 0.438 0.235 0.043 0.114
17 0.488 0.227 0.028 0.061
4 0.054 0.457 0.106 0.136
4 0.084 0.311 0.078 0.09
4 0.218 0.208 0.035 0.057
4 0.276 0.435 0.082 0.134
4 0.307 0.324 0.057 0.094
4 0.32 0.257 0.048 0.074
4 0.333 0.208 0.039 0.063
15 0.377 0.437 0.09 0.174
17 0.453 0.389 0.045 0.12
6 0.38 0.241 0.042 0.111
4 0.534 0.231 0.034 0.064
17 0.313 0.964 0.114 0.067
15 0.509 0.883 0.093 0.225
0 0.534 0.17 0.035 0.063
17 0.566 0.25 0.034 0.077
4 0.553 0.203 0.027 0.052
4 0.498 0.193 0.047 0.051
19 0.475 0.168 0.03 0.063
17 0.412 0.206 0.013 0.06
17 0.435 0.162 0.021 0.032
4 0.496 0.156 0.019 0.03
4 0.482 0.133 0.025 0.017
3 0.47 0.095 0.031 0.056
3 0.494 0.081 0.028 0.059
3 0.465 0.048 0.026 0.045
3 0.429 0.044 0.019 0.031
3 0.399 0.036 0.016 0.033
18 0.436 0.147 0.031 0.06
19 0.399 0.151 0.027 0.056
19 0.395 0.118 0.022 0.044
13 0.957 0.521 0.082 0.171
13 0.867 0.488 0.09 0.155
19 0.341 0.164 0.035 0.076
4 0.361 0.135 0.023 0.041
4 0.366 0.122 0.023 0.033
19 0.378 0.102 0.021 0.041
10 0.385 0.076 0.018 0.028
19 0.404 0.093 0.018 0.025
19 0.427 0.1 0.02 0.031
17 0.422 0.132 0.014 0.042
8 0.435 0.089 0.021 0.025
4 0.447 0.08 0.008 0.026
19 0.411 0.064 0.016 0.021
9 0.287 0.098 0.009 0.035
9 0.294 0.087 0.008 0.029
17 0.326 0.07 0.011 0.028
17 0.34 0.052 0.01 0.023
4 0.352 0.043 0.01 0.019
9 0.365 0.044 0.005 0.019
11 0.014 0.209 0.026 0.134
