17 0.836 0.874 0.139 0.244
4 0.697 0.869 0.162 0.261
6 0.387 0.703 0.098 0.329
8 0.543 0.681 0.101 0.311
4 0.627 0.602 0.087 0.156
17 0.703 0.557 0.068 0.16
9 0.75 0.667 0.046 0.162
13 0.847 0.49 0.064 0.123
13 0.774 0.458 0.054 0.093
13 0.902 0.501 0.044 0.119
4 0.265 0.738 0.129 0.244
4 0.208 0.954 0.146 0.081
4 0.486 0.928 0.124 0.144
10 0.436 0.537 0.07 0.231
10 0.452 0.267 0.033 0.061
10 0.426 0.179 0.013 0.023
19 0.511 0.314 0.037 0.073
19 0.437 0.335 0.038 0.089
19 0.42 0.257 0.027 0.056
19 0.433 0.207 0.017 0.031
8 0.529 0.238 0.024 0.031
19 0.355 0.385 0.052 0.109
4 0.368 0.339 0.039 0.063
4 0.389 0.285 0.032 0.05
15 0.397 0.238 0.02 0.036
17 0.414 0.206 0.012 0.028
17 0.407 0.225 0.014 0.029
19 0.42 0.196 0.015 0.029
3 0.484 0.156 0.018 0.033
4 0.554 0.369 0.04 0.076
4 0.498 0.385 0.04 0.069
17 0.474 0.332 0.026 0.065
17 0.465 0.422 0.032 0.071
17 0.511 0.476 0.04 0.11
4 0.582 0.334 0.046 0.057
0 0.554 0.283 0.035 0.063
17 0.519 0.277 0.018 0.043
17 0.481 0.263 0.017 0.04
17 0.449 0.228 0.014 0.018
17 0.465 0.235 0.014 0.024
17 0.478 0.24 0.014 0.018
17 0.454 0.212 0.011 0.017
17 0.469 0.209 0.011 0.019
17 0.204 0.336 0.037 0.066
17 0.155 0.334 0.037 0.058
17 0.287 0.247 0.019 0.045
17 0.023 0.519 0.043 0.089
4 0.06 0.627 0.119 0.162
4 0.162 0.465 0.104 0.098
4 0.141 0.394 0.085 0.076
8 0.055 0.399 0.1 0.106
9 0.231 0.351 0.019 0.068
4 0.274 0.333 0.049 0.056
15 0.246 0.305 0.04 0.055
15 0.297 0.284 0.023 0.057
15 0.321 0.244 0.023 0.027
3 0.227 0.256 0.076 0.09
9 0.311 0.217 0.007 0.03
15 0.047 0.327 0.055 0.052
11 0.125 0.281 0.096 0.107
15 0.036 0.477 0.067 0.072
4 0.32 0.533 0.083 0.132
4 0.433 0.228 0.018 0.022
4 0.501 0.225 0.017 0.029
4 0.489 0.235 0.017 0.03
4 0.471 0.223 0.016 0.02
3 0.489 0.192 0.021 0.046
4 0.531 0.259 0.019 0.032
4 0.502 0.263 0.023 0.036
8 0.508 0.199 0.016 0.026
8 0.464 0.185 0.01 0.018
3 0.505 0.173 0.02 0.031
4 0.52 0.225 0.019 0.025
4 0.514 0.212 0.016 0.014
19 0.44 0.189 0.011 0.019
8 0.445 0.17 0.012 0.019
15 0.458 0.171 0.011 0.014
15 0.376 0.181 0.013 0.019
3 0.436 0.147 0.013 0.022
