17 0.814 0.611 0.092 0.096
17 0.953 0.707 0.084 0.166
17 0.933 0.65 0.089 0.14
17 0.852 0.554 0.077 0.129
17 0.86 0.467 0.056 0.071
17 0.93 0.476 0.064 0.068
17 0.976 0.494 0.045 0.033
17 0.807 0.431 0.052 0.064
17 0.703 0.4 0.04 0.04
9 0.651 0.735 0.052 0.193
10 0.378 0.294 0.043 0.096
4 0.309 0.301 0.03 0.04
4 0.051 0.51 0.078 0.094
4 0.751 0.861 0.15 0.252
8 0.866 0.909 0.218 0.181
4 0.841 0.733 0.148 0.163
4 0.922 0.874 0.151 0.198
4 0.962 0.561 0.071 0.091
4 0.797 0.564 0.111 0.093
8 0.714 0.58 0.104 0.151
4 0.598 0.572 0.091 0.131
3 0.629 0.294 0.094 0.094
4 0.77 0.406 0.061 0.045
15 0.684 0.446 0.075 0.074
4 0.613 0.469 0.067 0.076
17 0.585 0.424 0.04 0.074
19 0.515 0.412 0.062 0.117
10 0.577 0.311 0.047 0.067
10 0.479 0.241 0.031 0.045
18 0.422 0.236 0.026 0.047
18 0.371 0.202 0.017 0.039
4 0.357 0.244 0.021 0.03
3 0.51 0.227 0.044 0.057
19 0.496 0.303 0.038 0.063
8 0.653 0.371 0.05 0.058
4 0.677 0.35 0.038 0.031
4 0.712 0.373 0.047 0.044
15 0.642 0.414 0.057 0.088
8 0.592 0.366 0.044 0.05
4 0.528 0.47 0.056 0.093
4 0.562 0.514 0.071 0.117
4 0.64 0.671 0.112 0.183
9 0.698 0.722 0.048 0.186
9 0.755 0.694 0.059 0.101
4 0.909 0.511 0.078 0.056
8 0.475 0.35 0.039 0.081
4 0.561 0.413 0.044 0.068
4 0.655 0.522 0.08 0.095
9 0.289 0.221 0.009 0.022
17 0.299 0.206 0.01 0.024
17 0.312 0.203 0.013 0.025
3 0.57 0.258 0.03 0.041
15 0.44 0.302 0.022 0.056
10 0.424 0.241 0.024 0.063
4 0.321 0.705 0.102 0.169
