17 0.372 0.896 0.156 0.201
17 0.502 0.598 0.101 0.126
17 0.204 0.334 0.019 0.046
17 0.442 0.37 0.025 0.054
17 0.512 0.345 0.023 0.021
17 0.498 0.338 0.019 0.037
17 0.375 0.306 0.013 0.035
17 0.479 0.325 0.022 0.026
17 0.331 0.377 0.022 0.054
4 0.139 0.696 0.205 0.162
10 0.654 0.623 0.182 0.145
15 0.67 0.88 0.266 0.191
4 0.418 0.754 0.202 0.158
13 0.468 0.862 0.107 0.238
13 0.603 0.522 0.068 0.11
13 0.208 0.61 0.048 0.123
13 0.03 0.608 0.055 0.108
13 0.949 0.639 0.079 0.116
13 0.957 0.545 0.06 0.056
10 0.296 0.35 0.036 0.07
12 0.041 0.365 0.08 0.117
15 0.96 0.398 0.074 0.104
4 0.282 0.443 0.047 0.074
4 0.347 0.45 0.046 0.082
15 0.4 0.445 0.043 0.089
4 0.491 0.474 0.057 0.082
15 0.528 0.442 0.05 0.081
19 0.517 0.395 0.035 0.082
4 0.46 0.43 0.041 0.07
6 0.354 0.286 0.019 0.031
10 0.393 0.306 0.024 0.065
19 0.365 0.368 0.034 0.076
8 0.251 0.277 0.024 0.04
9 0.283 0.25 0.007 0.019
9 0.303 0.231 0.005 0.017
15 0.437 0.331 0.029 0.057
8 0.411 0.372 0.034 0.058
8 0.401 0.352 0.029 0.064
4 0.293 0.405 0.044 0.059
4 0.455 0.394 0.039 0.056
4 0.489 0.379 0.021 0.045
4 0.477 0.36 0.031 0.048
0 0.461 0.288 0.023 0.036
8 0.461 0.327 0.018 0.04
19 0.418 0.293 0.021 0.042
15 0.36 0.326 0.028 0.05
4 0.323 0.33 0.023 0.035
4 0.319 0.307 0.023 0.018
8 0.324 0.285 0.026 0.035
4 0.321 0.295 0.022 0.011
19 0.364 0.277 0.019 0.033
19 0.358 0.259 0.016 0.024
3 0.412 0.239 0.022 0.045
3 0.432 0.228 0.016 0.026
19 0.433 0.253 0.013 0.023
7 0.38 0.248 0.012 0.016
19 0.345 0.25 0.015 0.023
4 0.117 0.558 0.085 0.132
4 0.921 0.929 0.151 0.134
9 0.587 0.958 0.078 0.076
