19 0.414 0.684 0.172 0.439
4 0.66 0.735 0.17 0.327
19 0.712 0.339 0.107 0.21
8 0.492 0.384 0.096 0.205
8 0.473 0.239 0.08 0.16
15 0.376 0.179 0.074 0.134
15 0.526 0.118 0.058 0.099
19 0.494 0.044 0.04 0.085
0 0.572 0.037 0.046 0.066
17 0.6 0.116 0.05 0.085
4 0.676 0.256 0.079 0.12
4 0.604 0.191 0.062 0.101
17 0.677 0.175 0.048 0.079
17 0.639 0.131 0.039 0.089
17 0.584 0.357 0.067 0.17
17 0.328 0.387 0.065 0.179
10 0.228 0.294 0.093 0.242
4 0.289 0.202 0.061 0.109
4 0.315 0.133 0.054 0.081
4 0.382 0.113 0.048 0.054
4 0.46 0.138 0.055 0.089
4 0.529 0.195 0.059 0.106
4 0.045 0.224 0.087 0.109
9 0.131 0.041 0.021 0.065
9 0.18 0.034 0.018 0.063
9 0.214 0.023 0.016 0.041
4 0.32 0.085 0.047 0.066
4 0.324 0.056 0.043 0.054
19 0.331 0.035 0.041 0.069
6 0.38 0.056 0.037 0.088
17 0.415 0.062 0.024 0.07
4 0.094 0.946 0.186 0.105
4 0.632 0.958 0.172 0.08
13 0.98 0.415 0.035 0.191
4 0.574 0.102 0.036 0.071
9 0.553 0.087 0.014 0.077
8 0.594 0.063 0.04 0.041
8 0.521 0.029 0.024 0.044
10 0.447 0.075 0.044 0.121
4 0.358 0.051 0.01 0.06
