4 0.672 0.956 0.335 0.089
15 0.901 0.629 0.193 0.296
4 0.147 0.745 0.225 0.319
2 0.055 0.547 0.094 0.214
4 0.045 0.346 0.087 0.168
4 0.167 0.232 0.068 0.126
4 0.194 0.135 0.048 0.09
4 0.325 0.246 0.048 0.117
4 0.394 0.261 0.051 0.141
15 0.457 0.262 0.052 0.144
4 0.566 0.314 0.071 0.14
4 0.565 0.168 0.043 0.087
4 0.526 0.243 0.053 0.116
4 0.522 0.182 0.046 0.096
4 0.337 0.186 0.045 0.087
4 0.39 0.192 0.043 0.09
4 0.369 0.083 0.023 0.052
4 0.367 0.053 0.025 0.035
4 0.529 0.087 0.023 0.056
4 0.546 0.132 0.037 0.075
17 0.636 0.185 0.037 0.096
17 0.59 0.119 0.028 0.038
17 0.574 0.103 0.024 0.051
17 0.551 0.087 0.031 0.045
17 0.504 0.154 0.028 0.085
15 0.469 0.211 0.048 0.109
8 0.468 0.152 0.043 0.089
8 0.497 0.087 0.031 0.079
19 0.457 0.118 0.035 0.096
19 0.414 0.14 0.043 0.11
8 0.409 0.081 0.037 0.078
10 0.449 0.051 0.03 0.087
19 0.477 0.037 0.025 0.063
0 0.529 0.04 0.031 0.063
15 0.542 0.057 0.024 0.03
8 0.37 0.019 0.025 0.035
6 0.404 0.028 0.025 0.052
17 0.427 0.051 0.017 0.052
8 0.495 0.028 0.013 0.032
17 0.377 0.154 0.026 0.083
10 0.34 0.112 0.042 0.109
4 0.082 0.479 0.11 0.171
11 0.06 0.114 0.108 0.175
2 0.107 0.159 0.016 0.09
9 0.154 0.114 0.017 0.076
