4 0.216 0.832 0.156 0.318
10 0.56 0.769 0.116 0.281
4 0.693 0.741 0.123 0.245
15 0.367 0.627 0.085 0.208
17 0.455 0.713 0.072 0.232
4 0.448 0.541 0.067 0.145
8 0.51 0.45 0.062 0.143
6 0.388 0.412 0.052 0.145
10 0.446 0.372 0.047 0.142
17 0.48 0.34 0.021 0.068
4 0.521 0.354 0.039 0.062
17 0.571 0.368 0.035 0.081
17 0.629 0.466 0.047 0.108
9 0.607 0.398 0.024 0.073
9 0.672 0.569 0.036 0.119
17 0.839 0.567 0.114 0.134
13 0.751 0.473 0.062 0.117
13 0.817 0.48 0.06 0.085
13 0.872 0.489 0.038 0.073
4 0.12 0.5 0.111 0.125
17 0.025 0.517 0.049 0.142
3 0.073 0.329 0.145 0.186
8 0.193 0.376 0.075 0.101
15 0.161 0.343 0.082 0.094
17 0.189 0.293 0.034 0.056
9 0.217 0.255 0.013 0.054
15 0.257 0.294 0.045 0.054
4 0.296 0.237 0.023 0.032
4 0.308 0.21 0.022 0.029
0 0.519 0.249 0.026 0.052
8 0.521 0.304 0.031 0.048
17 0.444 0.261 0.019 0.046
17 0.435 0.311 0.027 0.052
4 0.397 0.324 0.041 0.044
4 0.342 0.346 0.044 0.069
8 0.356 0.281 0.036 0.07
19 0.411 0.25 0.027 0.056
19 0.461 0.294 0.029 0.033
19 0.469 0.25 0.026 0.056
4 0.509 0.272 0.034 0.044
4 0.38 0.223 0.023 0.032
4 0.413 0.212 0.02 0.029
18 0.437 0.229 0.029 0.057
3 0.466 0.18 0.026 0.05
3 0.465 0.146 0.019 0.031
3 0.485 0.169 0.021 0.043
4 0.478 0.212 0.019 0.019
19 0.486 0.191 0.015 0.024
19 0.436 0.185 0.014 0.027
8 0.413 0.194 0.02 0.031
10 0.405 0.163 0.015 0.018
8 0.386 0.204 0.02 0.027
17 0.392 0.198 0.014 0.03
19 0.401 0.179 0.015 0.022
19 0.419 0.179 0.013 0.021
3 0.438 0.142 0.014 0.022
4 0.442 0.176 0.015 0.018
4 0.37 0.165 0.014 0.017
11 0.096 0.241 0.099 0.079
19 0.812 0.939 0.192 0.115
