10 0.571 0.504 0.052 0.131
4 0.509 0.48 0.036 0.053
4 0.398 0.465 0.039 0.042
17 0.306 0.571 0.044 0.086
17 0.334 0.53 0.036 0.073
17 0.246 0.64 0.071 0.067
17 0.889 0.619 0.054 0.093
17 0.857 0.549 0.053 0.059
17 0.874 0.583 0.059 0.073
17 0.83 0.524 0.037 0.049
17 0.834 0.487 0.035 0.039
17 0.815 0.463 0.028 0.04
17 0.802 0.557 0.048 0.055
17 0.781 0.442 0.024 0.024
9 0.706 0.611 0.029 0.098
9 0.739 0.593 0.021 0.066
9 0.755 0.582 0.019 0.054
9 0.771 0.599 0.032 0.055
9 0.972 0.556 0.036 0.056
9 0.498 0.354 0.006 0.021
17 0.503 0.344 0.008 0.019
17 0.519 0.344 0.008 0.019
4 0.531 0.349 0.012 0.017
4 0.552 0.344 0.012 0.025
4 0.414 0.661 0.071 0.058
4 0.928 0.959 0.135 0.078
4 0.817 0.618 0.087 0.086
4 0.764 0.666 0.083 0.098
4 0.963 0.618 0.07 0.075
4 0.962 0.694 0.075 0.07
19 0.818 0.694 0.096 0.052
4 0.704 0.577 0.064 0.089
4 0.909 0.553 0.078 0.081
4 0.793 0.524 0.055 0.032
8 0.748 0.532 0.06 0.079
4 0.681 0.525 0.052 0.064
3 0.685 0.364 0.036 0.034
3 0.661 0.357 0.01 0.027
3 0.635 0.332 0.026 0.024
15 0.716 0.503 0.042 0.052
4 0.755 0.492 0.042 0.034
15 0.732 0.461 0.044 0.036
17 0.676 0.444 0.021 0.033
17 0.743 0.438 0.024 0.021
15 0.71 0.438 0.031 0.037
4 0.662 0.492 0.041 0.062
4 0.645 0.467 0.031 0.051
19 0.635 0.435 0.036 0.061
10 0.672 0.383 0.029 0.034
8 0.614 0.4 0.021 0.037
10 0.619 0.344 0.016 0.022
15 0.597 0.374 0.011 0.03
15 0.715 0.421 0.025 0.03
15 0.679 0.413 0.023 0.024
4 0.66 0.441 0.013 0.041
19 0.627 0.37 0.019 0.019
4 0.59 0.359 0.013 0.02
10 0.586 0.337 0.017 0.021
3 0.601 0.312 0.012 0.019
17 0.541 0.327 0.009 0.019
17 0.53 0.316 0.008 0.014
4 0.545 0.308 0.006 0.01
4 0.559 0.324 0.009 0.015
