13 0.506 0.872 0.126 0.194
13 0.312 0.875 0.133 0.178
13 0.167 0.901 0.146 0.18
13 0.152 0.813 0.121 0.156
13 0.071 0.772 0.07 0.16
4 0.243 0.737 0.142 0.146
4 0.094 0.704 0.115 0.111
4 0.138 0.662 0.102 0.1
4 0.101 0.569 0.075 0.078
4 0.234 0.43 0.034 0.041
13 0.117 0.466 0.023 0.057
11 0.053 0.463 0.098 0.11
4 0.299 0.543 0.045 0.08
4 0.361 0.548 0.045 0.081
9 0.173 0.409 0.017 0.037
13 0.862 0.678 0.049 0.107
13 0.847 0.609 0.067 0.102
15 0.414 0.54 0.044 0.095
4 0.504 0.567 0.055 0.093
15 0.544 0.533 0.054 0.083
19 0.532 0.483 0.037 0.072
4 0.476 0.523 0.041 0.069
4 0.47 0.486 0.038 0.048
4 0.493 0.456 0.028 0.051
15 0.427 0.503 0.041 0.062
19 0.381 0.462 0.032 0.076
17 0.514 0.431 0.018 0.035
8 0.418 0.447 0.033 0.064
17 0.457 0.463 0.021 0.05
8 0.452 0.426 0.029 0.065
10 0.41 0.4 0.022 0.06
8 0.378 0.416 0.031 0.038
6 0.373 0.384 0.018 0.035
17 0.393 0.399 0.013 0.027
19 0.435 0.388 0.018 0.038
8 0.451 0.381 0.011 0.02
4 0.477 0.419 0.018 0.039
17 0.495 0.42 0.021 0.031
17 0.526 0.438 0.023 0.021
0 0.479 0.384 0.023 0.033
4 0.311 0.501 0.04 0.062
10 0.314 0.447 0.037 0.076
17 0.348 0.474 0.023 0.055
4 0.34 0.425 0.02 0.035
8 0.343 0.382 0.026 0.035
