4 0.088 0.828 0.172 0.283
4 0.637 0.708 0.205 0.278
15 0.749 0.601 0.211 0.214
4 0.62 0.467 0.061 0.094
4 0.436 0.492 0.072 0.106
4 0.966 0.561 0.067 0.122
4 0.833 0.421 0.05 0.058
4 0.699 0.406 0.039 0.044
8 0.764 0.425 0.091 0.083
17 0.871 0.54 0.108 0.169
17 0.873 0.443 0.069 0.042
17 0.586 0.494 0.069 0.139
17 0.526 0.457 0.052 0.108
17 0.276 0.49 0.061 0.125
17 0.407 0.394 0.023 0.056
2 0.222 0.686 0.088 0.167
13 0.321 0.553 0.061 0.183
3 0.506 0.379 0.078 0.147
3 0.435 0.357 0.048 0.086
13 0.231 0.551 0.094 0.131
